   3   1   1 E -3.6826384797133E+03 DE-9.1E-08(  5)
 -0.778909225750E+01  0.774020353811E+01  0.618305348659E+01
  0.779072154075E+01 -0.773636932203E+01  0.617983429703E+01
  0.782025584285E+01  0.776703073991E+01 -0.617750696211E+01
    1
  0.100000000000E+01  0.000000000000E+00  0.000000000000E+00
  0.000000000000E+00  0.100000000000E+01  0.000000000000E+00
  0.000000000000E+00  0.000000000000E+00  0.100000000000E+01
  0.000000000000E+00  0.000000000000E+00  0.000000000000E+00
   75
  249      4.761051973538     -4.804600582070      6.183666405819
  249     -4.910251782204      4.939951427677      6.178442105430
  249     -2.953822040259      4.902841010423      3.086295330515
  249      2.842877451558     10.734261571290      3.087042058337
    8     10.996917673831      1.470338932404      0.025073795351
    8     -3.323812657298      6.432829972731      6.215917355241
    8      3.160727214601     -1.424460896637      9.114615274623
    8      4.548942772874      9.364156388699      2.908151088573
    8      6.122468608802     -3.088030528658      6.002215534811
    8      1.525403996900     10.996322368917     -0.207702206335
    8      9.134299567391      4.571141851162     -3.069966731887
    8     -1.441563018628      3.336747582913      3.102725164515
    8      1.783630333274      9.513746757163      4.470313568144
    8     -1.894994512085      6.105063335426      4.486090796046
    8     -6.025449709016      6.059956861194      4.704868289861
    8      5.908046263706      9.583934309886      4.711374432682
    8     -1.845802599637      6.021982430175      1.617539282894
    8      1.725441365605      9.638371895537      1.599714911617
    8      9.484273844784      6.012982934302     -4.783934594918
    8     -1.786669962664      1.891738052347      1.388904753557
    8      3.656052601009     -3.694899449663      4.733628820473
    8     -3.800883320105      3.820646334712      4.740263382823
    8      3.724411049063     -3.997018895683      7.874711494903
    8     -3.845794216087      4.076415274076      7.828747361941
    8      8.453866459981      3.981134579063      2.713948450733
    8      6.744844250744      4.465440048911      4.235637072934
    1      4.181243122456     -2.935433988635      4.428388725238
    1      3.485271412819     10.843772503350     -1.765520328823
    1     10.658591605187      4.123740920891      1.512764159787
    1     -3.096357440883      3.540323125001      7.517194207373
    1     -0.064324625993      7.820905918035      4.590170241089
    1     -0.058383780548      0.088359155806     10.769480374457
    1     -0.082150871791      7.837602577672      1.490650241864
    1     -0.067674098373      0.065580448074      1.502188067535
    1      9.676856152825      1.017038194396      2.085604362975
    1      5.824613490917     -0.902745091958      2.101309360098
    1      1.836379498553     -0.938735226707      7.075718069040
    1      5.875480871743      8.857946448623      0.889165811663
    1      6.673367595440     -1.797598277364      3.982409802789
    1      8.870432229602      1.880642671211      3.960049977275
    1      8.740353148145      5.924549538774     -0.984384467020
    1     -1.028812749607      1.995623883685      5.186991842548
    6      9.876545707057      1.339926007514     -0.553049054235
    6     -2.199343505643      6.547736537595      5.641114669190
    6      2.059222404685     -1.251702086002      9.718613381726
    6      5.641940355982      9.184952007946      3.534320399766
    6      6.335154768771     -1.997862717424      6.621272075513
    6      1.330437285779      9.905918417240      0.422591738218
    6      9.029763443712      5.700778813112     -3.633812674226
    6     -1.335443723749      2.206685060225      2.538943344232
    6      7.753559187728      0.053187110650      2.297368041363
    6     -0.052327955669      0.081078824586      6.873890453002
    6      7.756658832379      0.052346379859      3.776289540153
    6     -0.054839159803      0.076656915117      5.393104868757
    6     -0.056601080734      7.813817947787      5.670663883031
    6     -0.055881115640      0.088118509948      9.688421217934
    6     -0.065502985755      7.823346497229      0.409826552692
    6     -0.063493812990      0.069243058261      2.582727949647
    6      8.815449597066      0.604459021569      1.576757139296
    6      6.680275319331     -0.486713369701      1.584814022191
    6      0.993669891167     -0.499168628514      7.593761894029
    6      6.721063956059      8.431840435696      1.413887683979
    6      7.129471988182     -0.963135552998      4.499178854111
    6      8.379548171690      1.076697288718      4.490485993591
    6      8.317710571226      6.777934595240     -1.499818864082
    6     -0.610635424398      1.138501365601      4.674426915193
    6      8.790003199320      0.644158219401      0.185158074386
    6     -1.104463660839      7.234397236061      6.375860399643
    6      0.979354631967     -0.525783217338      8.988036522470
    6      6.730872130496      8.467496736560      2.806993342433
    6      7.087553317716     -0.935417713432      5.891453828908
    6      0.595065791968      8.824817809602     -0.296735496028
    6      8.340480675430      6.789342731992     -2.892711164160
    6     -0.642619023765      1.120442992565      3.281991632743
    6      7.605878477169      4.228991771667      3.487188386896
    0    0
