   3   1   1 E -3.6826382679407E+03 DE-7.3E-07( 10)
 -0.782127619919E+01  0.775684225154E+01  0.617982032599E+01
  0.782233317532E+01 -0.775802921568E+01  0.618274179877E+01
  0.780240340949E+01  0.773809243490E+01 -0.618146944386E+01
    1
  0.100000000000E+01  0.000000000000E+00  0.000000000000E+00
  0.000000000000E+00  0.100000000000E+01  0.000000000000E+00
  0.000000000000E+00  0.000000000000E+00  0.100000000000E+01
  0.000000000000E+00  0.000000000000E+00  0.000000000000E+00
   75
  249      4.961850377974     -4.903650544357      6.155825509665
  249     -4.875901719579      4.786089348786      6.152778772852
  249     -2.922520273002      4.828135995632      3.058830562975
  249      2.992893908607     10.552436249387      3.054466452464
    8     11.060006496308      1.460041296295      0.149865278274
    8     -3.191318012301      6.186263928910      6.314477918944
    8      3.311250121598     -1.441420646168      9.209200788617
    8      4.579339026090      9.064386219277      3.033021110754
    8      6.460462602607     -3.328344867405      6.132046013873
    8      1.427259606987     10.947350860136     -0.054396522694
    8      9.444778024595      4.505763193046     -2.945545477850
    8     -1.522661694517      3.129160845464      3.250448506086
    8      1.877594470104      9.429802539020      4.527350494720
    8     -1.812284451765      5.959619569875      4.528051903917
    8     -5.941478402079      5.981484671576      4.752869320407
    8      6.004753122923      9.375472216858      4.768099332756
    8     -1.713995832948      5.877702955125      1.657773388719
    8      1.766329584709      9.505449059317      1.662573617441
    8      1.810728939951     13.637561947394      1.440537125034
    8     -1.750056960271      1.753197072116      1.460596410520
    8      4.112194667019     -3.826082861427      4.506626569003
    8      3.789516366506     11.441853303757     -1.674553676918
    8     11.632858747324      3.940010330078      1.414534886086
    8     -3.756371571423      3.644527011779      7.562028290797
    8      1.074566484460      4.424153567039      4.675691488616
    8     -0.456682271674      3.876371301382      6.356830231782
    1      3.580305257370     -3.072587698583      4.815301385365
    1      4.336007888189     10.709407445496     -1.340767756329
    1     10.886903151902      3.400459184468      1.728508935708
    1     -2.917003216389      4.072461743379      7.801158281053
    1      0.025123268875      7.702235110534      4.648644363000
    1      0.048047202886     -0.059940991278     10.831130015637
    1      0.035323255307      7.686075281499      1.552846891288
    1      0.064614248292     -0.041806382459      1.566744895201
    1      9.740178594209      0.943454002795      2.169121343392
    1      5.953630182229     -1.074344671614      2.165591076741
    1      1.953887605792     -1.038275117233      7.138312210241
    1      5.906874058442      8.625220335067      0.969206305066
    1      6.865627184411     -1.980977142272      4.046375817334
    1      8.832065006502      1.847614248497      4.048597706948
    1      8.902056189979      5.802563767250     -0.924004976118
    1     -1.075349661623      1.755924661760      5.276241480891
    6      9.967457520755      1.275654260842     -0.475246952741
    6     -2.095107311696      6.368065569657      5.702173748420
    6      2.185504259962     -1.329979821613      9.781606101807
    6      5.701126888552      8.939214040147      3.609223302186
    6      6.567769075979     -2.197899051673      6.693967265692
    6      1.315871378110      9.819198973338      0.511997099984
    6      9.238240560291      5.597567195150     -3.564103866631
    6     -1.340692798117      2.030680265218      2.630483118633
    6      7.846055601080     -0.063016074272      2.363995543709
    6      0.026638990610     -0.079518052885      6.940472288805
    6      7.849115276230     -0.066649145406      3.844399945575
    6      0.024268843787     -0.080760072549      5.461250069371
    6      0.024115742814      7.701532153760      5.729685785800
    6      0.042471780848     -0.064709219802      9.750592880640
    6      0.032390082943      7.688082448913      0.472252750085
    6      0.050563551291     -0.053332459915      2.647619645116
    6      8.893264023149      0.518649669399      1.645493175436
    6      6.797714341233     -0.640028229022      1.645487628541
    6      1.097953919056     -0.621941673626      7.654124363300
    6      6.766721810548      8.210274311494      1.478882530520
    6      7.291149726236     -1.128564150976      4.560881593137
    6      8.409578264819      0.993152933656      4.561955964203
    6      8.448741190589      6.637805068509     -1.442035740967
    6     -0.595049119401      0.945444439889      4.745928416530
    6      8.880975909935      0.555288648712      0.252640402322
    6     -1.011455681745      7.089548931744      6.431271860751
    6      1.091270457409     -0.643391706605      9.046287237050
    6      6.789212588533      8.246162494563      2.870679666141
    6      7.265965848643     -1.114610340901      5.953584370480
    6      0.618203509269      8.734754046190     -0.228417766630
    6      8.489247986453      6.662556415575     -2.834634412443
    6     -0.605012035161      0.952229906466      3.353070170586
    6      0.299668126849      4.154318167109      5.503826088757
    0    0
