   3   1   1 E -3.8395440833284E+03 DE 8.0E-08( 16)
 -0.788655261349E+01  0.761764794356E+01  0.617019298150E+01
  0.789608975000E+01 -0.762077466120E+01  0.618848714597E+01
  0.790764225740E+01  0.764703509071E+01 -0.617403258755E+01
    1
  0.100000000000E+01  0.000000000000E+00  0.000000000000E+00
  0.000000000000E+00  0.100000000000E+01  0.000000000000E+00
  0.000000000000E+00  0.000000000000E+00  0.100000000000E+01
  0.000000000000E+00  0.000000000000E+00  0.000000000000E+00
   86
  249      4.964247448292     -4.847404266421      6.295399061695
  249     -4.784694199317      4.814087162691      6.292850687037
  249     -2.868217625190      4.761720088149      3.180362351939
  249      3.073697312101     10.458669498372      3.177727423028
    8     11.280082647724      1.324999789162      0.148720990415
    8     -3.196659573769      6.308977956158      6.317418943330
    8      3.342802085444     -1.471639511399      9.195998115214
    8      4.771875251861      9.092680102008      3.033317393742
    8      6.373732780014     -3.166842165568      6.123683930968
    8      1.730739409838     10.765725507917     -0.064937188722
    8      9.437825488212      4.385780563244     -2.980384516415
    8     -1.386206691777      3.178507429008      3.213357652138
    8      1.992631484506      9.252897850030      4.565180952540
    8     -1.793374037090      5.969673935675      4.570686291809
    8     -5.895194955561      5.945334820884      4.824879183878
    8      6.122896529539      9.303512114581      4.842343167454
    8     -1.689907182886      5.838536840814      1.724122636130
    8      1.968809239810      9.351179629868      1.692935990526
    8      9.807246241729      5.884591838039     -4.641737204791
    8     -1.753975156032      1.713035505616      1.526030027407
    8      3.891457995898     -3.711255434994      4.833775814132
    8     -3.714997958169      3.688217406089      4.831008692414
    8      3.890809976393     -3.947056670901      7.922565078143
    8     -3.704519219124      3.953334606357      7.937526651174
    8      0.699168970797      3.877619951937      5.971115315064
    1      4.457926532599     -2.992331946818      4.503999635823
    1      3.644209846329     10.592711350883     -1.649046042121
    1     11.062981147038      4.248149032173      1.425196872887
    1     -2.917577194273      3.466875823318      7.636243453979
    1      0.095599039542      7.625855386955      4.689068406713
    1      0.114896401423     -0.003761936761     10.882420097065
    1      0.121320604998      7.607336113695      1.593141896800
    1      0.059357870599     -0.037367282453      1.622207023013
    1      9.942226892206      0.902482846619      2.203180883613
    1      6.057190124855     -0.945580126689      2.209255890289
    1      1.993898074266     -1.005414575180      7.174580655333
    1      6.076207848106      8.579454216986      1.020763416026
    1      6.921425166499     -1.869358065394      4.087762820936
    1      9.086908315843      1.833896219700      4.079489997579
    1      9.007549688771      5.711163042764     -0.872043246997
    1     -0.974660343640      1.831929277085      5.318643839077
    1      0.518321404197      4.971271704837      4.281116132189
    1      1.288041100039      4.296946122007      2.151722476144
    1      2.537145122966      2.747143747699      0.663281483397
    1      3.730309192618      0.803661504016      1.632943970394
    1      3.702585648957      0.426482818600      4.078608586979
    1      2.408283969611      1.966975430551      5.555883849336
    6     10.162272904196      1.208404571756     -0.438029181979
    6     -2.071563155329      6.402215739300      5.736531560202
    6      2.250522496545     -1.295229885055      9.825919469741
    6      5.865362597183      8.915320402243      3.659060729311
    6      6.592792443492     -2.075076404433      6.735742132891
    6      1.541544044637      9.661584380759      0.535955638900
    6      9.321699098357      5.527501651896     -3.516934582637
    6     -1.285420316452      2.039107540474      2.664816873790
    6      7.997187196757     -0.016151752675      2.408796959020
    6      0.075884082531     -0.043430980415      6.989252478868
    6      8.001180636981     -0.016801929598      3.888079535089
    6      0.052310314616     -0.057094370837      5.511086143040
    6      0.101872023729      7.612733563738      5.769453377767
    6      0.105414974308     -0.013341835834      9.801670317526
    6      0.118693723511      7.604119630993      0.512110880373
    6      0.048135329228     -0.048745901244      2.702246233133
    6      9.074010591898      0.508437496155      1.690685571782
    6      6.918005877088     -0.539304606955      1.693784087659
    6      1.144260426645     -0.590732560368      7.701959832739
    6      6.933601908254      8.170377517095      1.538634606761
    6      7.380902070115     -1.038961670737      4.608561214075
    6      8.627821663407      1.005518987820      4.603994236718
    6      8.549552709950      6.549051583349     -1.382336125639
    6     -0.547554116470      0.984441910465      4.799113462392
    6      9.057243594224      0.541392389454      0.298766122050
    6     -0.960734247605      7.057599383959      6.471610661848
    6      1.146437961037     -0.608590748347      9.096385855188
    6      6.959763070535      8.216271097381      2.929857742796
    6      7.353080208657     -1.022397076239      6.002170535979
    6      0.773701379700      8.609887916298     -0.192318324724
    6      8.577516552013      6.572288476483     -2.774028200534
    6     -0.577743418292      0.969110639210      3.407373321210
    6      0.947848302502      4.089359949311      4.789350274100
    6      1.779675603685      3.219194650411      3.941649137475
    6      1.825632464484      3.449737685369      2.565304020533
    6      2.522902383576      2.581823815036      1.733970219322
    6      3.196312600064      1.491724055075      2.279642364079
    6      3.174443768100      1.274804498525      3.658052688975
    6      2.465105849232      2.129219503793      4.486508066023
    0    0
