   3   1   1 E -3.7262384145415E+03 DE-8.6E-09(  5)
 -0.772443496118E+01  0.782065043140E+01  0.617245508150E+01
  0.773172885878E+01 -0.782588690579E+01  0.618567624506E+01
  0.773480499213E+01  0.784223657472E+01 -0.617787476415E+01
    1
  0.100000000000E+01  0.000000000000E+00  0.000000000000E+00
  0.000000000000E+00  0.100000000000E+01  0.000000000000E+00
  0.000000000000E+00  0.000000000000E+00  0.100000000000E+01
  0.000000000000E+00  0.000000000000E+00  0.000000000000E+00
   84
  249      4.919901179868     -5.009682951415      6.162924136467
  249     -4.731169675412      4.817409565605      6.158357471565
  249     -2.749671204629      4.780474794652      3.079753988541
  249      2.955047859188     10.708873135080      3.074688607554
    8     11.054826096613      1.353801536549      0.032741730723
    8     -3.183453186095      6.353665794162      6.183268304832
    8      3.267134697135     -1.680528675304      9.074702514622
    8      4.644859662372      9.324068902114      2.915294488164
    8      6.293797250081     -3.286276649295      5.970254693401
    8      1.641909703930     10.947671392145     -0.186745894892
    8      9.186230197925      4.472009941176     -3.078101501358
    8     -1.259692888197      3.189325818013      3.126009205088
    8      1.899215132134      9.509296849523      4.478398531818
    8     -1.726177953527      6.021993107593      4.478802887358
    8     -5.842694766798      5.911432818213      4.676277058314
    8      6.023578670638      9.498787959291      4.706678611758
    8     -1.626670519604      5.883521581749      1.603063977159
    8      1.833105061214      9.582039303490      1.613965236664
    8      9.514578994607      5.904134196396     -4.804154503927
    8     -1.598777450184      1.775967625497      1.385974651623
    8      3.809266839432     -3.878260052811      4.729433029642
    8     -3.598794178471      3.703130423860      4.729892940062
    8      3.861673304267     -4.146621336735      7.817867343707
    8     -3.662107140649      3.971063345711      7.809297803291
    1      4.339400839723     -3.124414563552      4.419387108324
    1      3.620122475762     10.780770923869     -1.756503095841
    1     10.845153549789      4.231944906878      1.333356209740
    1     -2.886255934139      3.459160071234      7.519374973943
    1      0.084324697697      7.769593600882      4.577543886258
    1      0.076752334180     -0.145893634481     10.755019127509
    1      0.116793306586      7.723415433293      1.480854419772
    1      0.097138891169     -0.078111820182      1.493401128916
    1      9.698950118058      0.937391545092      2.101989282321
    1      5.834263661755     -0.948019822395      2.082765960728
    1      1.927811826285     -1.186318565879      7.045612929553
    1      5.938515472769      8.781139080670      0.892931265760
    1      6.742407048118     -1.907680199888      3.951326024039
    1      8.808571789319      1.846631094048      3.985593618427
    1      8.750935625341      5.795373843044     -1.009228061917
    1     -0.899493755873      1.802235762332      5.198836687708
    1      6.433290295521     -3.212406728912      2.156281979580
    1      7.777777083027     -4.100882799523      4.034060760241
    1      2.142836830479      2.470911509094      9.739673932477
    1      2.876352371262      2.113720254546      7.406503436667
    1      1.524977588070      3.010322035089      5.529844205522
    1     -0.549622200313      4.253105915701      5.984618109430
    6      9.930634159645      1.240188570969     -0.540959117104
    6     -2.057847594323      6.491555765560      5.619004549608
    6      2.165873125075     -1.506409840882      9.689550565741
    6      5.734978133719      9.104513653885      3.530586713955
    6      6.483148075962     -2.196323341062      6.601535549903
    6      1.440747828628      9.857112360329      0.436401329952
    6      9.070532990053      5.598154073021     -3.649049172232
    6     -1.159673291997      2.064651126307      2.547026949383
    6      7.766163401483     -0.010040510995      2.295224489648
    6      0.056357990009     -0.137154791234      6.863093728412
    6      7.772209684099     -0.028163465518      3.774139148670
    6      0.057207244894     -0.123208902600      5.384568103791
    6      0.068600269439      7.786383727594      5.657868584819
    6      0.069348485594     -0.145987062239      9.674145609039
    6      0.093712202012      7.743749018268      0.400261673803
    6      0.085280730593     -0.090520605268      2.573878383826
    6      8.841233143093      0.527508604406      1.583923355240
    6      6.699538326213     -0.546417396262      1.572570700321
    6      1.092232933027     -0.744734367431      7.573419716851
    6      6.765899236999      8.313879675553      1.409447024822
    6      7.190386416872     -1.080669528366      4.483480316467
    6      8.377994904442      0.997455465387      4.500299575246
    6      8.342019048699      6.659450299689     -1.517254631865
    6     -0.483975819356      0.952492018143      4.674822647576
    6      8.836910418128      0.550444404147      0.192012248608
    6     -0.992803100402      7.221924801027      6.353422950197
    6      1.085269862490     -0.780917832938      8.966046231071
    6      6.786206316946      8.341218911341      2.801195755136
    6      7.188145206015     -1.097604954621      5.877291717271
    6      0.702754626522      8.785584264880     -0.293802754748
    6      8.382071019036      6.687674894283     -2.908940467485
    6     -0.492400408032      0.957038650360      3.281594744382
    6     -0.378407169277      4.061326258173      8.129145486507
    6      0.382029259521      3.568962319418      9.185456423972
    6      1.554103906005      2.867673504029      8.921141558737
    6      1.965500643159      2.665476620831      7.607788538769
    6      1.207335368509      3.165997576880      6.553705569159
    6      0.031645890493      3.863409366471      6.812162865132
    0    0
