   3   1   1 E -3.7262380334674E+03 DE 4.2E-08(  5)
 -0.776633285092E+01  0.782165994576E+01  0.618112199495E+01
  0.775701493406E+01 -0.782122508680E+01  0.618113758052E+01
  0.774355810404E+01  0.781912056014E+01 -0.618749771313E+01
    1
  0.100000000000E+01  0.000000000000E+00  0.000000000000E+00
  0.000000000000E+00  0.100000000000E+01  0.000000000000E+00
  0.000000000000E+00  0.000000000000E+00  0.100000000000E+01
  0.000000000000E+00  0.000000000000E+00  0.000000000000E+00
   84
  249      4.718793702117     -5.101067309347      5.956268083900
  249     -5.077232327773      4.637971272738      5.961466832091
  249     -3.100410265001      4.687955390585      2.876141395798
  249      2.712267071683     10.496045296836      2.870279558082
    8     10.750524261092      1.347701859867     -0.042698056592
    8     -3.388561216899      6.027826627652      6.115052318832
    8      3.051024056198     -1.661269023066      9.011544577252
    8      4.284555399276      8.983642879400      2.833620716613
    8      6.203844380666     -3.502636807954      5.904257767684
    8      1.183892750656     10.862600428691     -0.250913539567
    8      9.107429596796      4.383667490210     -3.141663645689
    8     -1.718086415420      2.973090241669      3.063967260097
    8      1.612033446788      9.387132302227      4.345048226568
    8     -2.009941842779      5.848162611375      4.324112617398
    8     -6.138660350639      5.828141176203      4.556448267224
    8      5.727405227918      9.303734620215      4.552303452550
    8     -1.896007888302      5.732354769441      1.462626805729
    8      1.513814437313      9.427214038110      1.472336334667
    8      9.297819051874      5.747365054396     -4.945195751999
    8     -1.908286562162      1.623658536921      1.249603604065
    8      3.862264390782     -4.025914788247      4.308281231727
    8      3.539452989144     11.378547619782     -1.869994776851
    8      3.598050419263     -4.002620927240      7.405354127766
    8     -3.967713714865      3.556826812638      7.425097531274
    1      3.343623666843     -3.263731208106      4.618209664389
    1      4.061245594539     10.615987376430     -1.567842470152
    1     10.590150126840      3.280606594696      1.524882129439
    1     -3.214526719391      4.091027562932      7.733597649588
    1     -0.205203247323      7.629252027510      4.454555659903
    1     -0.201627191939     -0.260886325621     10.635323722002
    1     -0.182136517966      7.577419828084      1.355340367702
    1     -0.164886387894     -0.219230692564      1.371377190901
    1      9.411524384629      0.846010534586      1.983990776616
    1      5.666603133884     -1.242172894234      1.955809033382
    1      1.702537054855     -1.239069362787      6.942343128633
    1      5.602639751467      8.509681990840      0.765478724109
    1      6.538766662313     -2.103592153319      3.832418680484
    1      8.506888770970      1.718126628726      3.860425823104
    1      8.557961536857      5.674161539904     -1.127608494732
    1     -1.239534549353      1.614813617664      5.080308776699
    1     -0.026499883503      3.894805601617      4.893143275023
    1      2.118199457414      4.856157198050      5.704907127343
    1      2.548595527842      5.038223499585      8.132098443511
    1      0.838560690249      4.266790935630      9.757826159634
    1     -1.293808292639      3.344857826564      8.956923999992
    1     -1.726331959018      3.149083575836      6.520893189226
    6      9.652466027324      1.165064837634     -0.659902223940
    6     -2.296885161644      6.242873488909      5.500437565874
    6      1.926585570052     -1.545229410905      9.584148132378
    6      5.407100622028      8.845334694378      3.404565021800
    6      6.300646932413     -2.377378648974      6.482974038842
    6      1.067279210600      9.736361747208      0.318836535491
    6      8.908133792354      5.474017320759     -3.766189017414
    6     -1.525352483219      1.882636999577      2.434148767571
    6      7.529472365339     -0.184866889879      2.165685489870
    6     -0.221691739058     -0.275752484233      6.744515047522
    6      7.526311267841     -0.194596333135      3.644506233802
    6     -0.216055645816     -0.265560725829      5.265314289520
    6     -0.215447280479      7.633635353804      5.535355472799
    6     -0.209985532997     -0.268433170257      9.554813927682
    6     -0.197828194109      7.591507362708      0.274890959704
    6     -0.180663514271     -0.231511953151      2.452204965751
    6      8.573405007965      0.409620549382      1.455917713715
    6      6.500550474812     -0.786144077118      1.440283806422
    6      0.846082977486     -0.824189318354      7.458416795682
    6      6.458634635006      8.090746734023      1.277177059122
    6      6.970610010967     -1.261883713751      4.355451350784
    6      8.088964217955      0.858348441664      4.368422146894
    6      8.126602028405      6.521409837213     -1.644988838169
    6     -0.799575168678      0.782435464703      4.551425743545
    6      8.569802115971      0.441892637896      0.063016823029
    6     -1.241367094231      7.000745191912      6.229809547386
    6      0.836181043884     -0.851859281157      8.850228670931
    6      6.479988905881      8.126743380892      2.669543993397
    6      6.968418581227     -1.269950085173      5.748502559607
    6      0.372124300100      8.650782020471     -0.420957967069
    6      8.174762300836      6.549883870912     -3.037343194054
    6     -0.812012963990      0.789419634733      3.158021143930
    6      0.174130702950      3.976730821894      5.954370000084
    6      1.371807308777      4.515388410292      6.412894091679
    6      1.612550459833      4.620718283963      7.779525632900
    6      0.655070093354      4.191453840204      8.692988244643
    6     -0.550805751978      3.667925976955      8.237317408952
    6     -0.786546362995      3.558250978011      6.869467028090
    0    0
