   3   1   1 E -3.7262328456364E+03 DE-6.0E-08(  3)
 -0.787036819441E+01  0.769908623057E+01  0.617546681147E+01
  0.787290882554E+01 -0.770216814361E+01  0.618485802255E+01
  0.784679333058E+01  0.769147995920E+01 -0.618087857029E+01
    1
  0.100000000000E+01  0.000000000000E+00  0.000000000000E+00
  0.000000000000E+00  0.100000000000E+01  0.000000000000E+00
  0.000000000000E+00  0.000000000000E+00  0.100000000000E+01
  0.000000000000E+00  0.000000000000E+00  0.000000000000E+00
   84
  249      4.777817397148     -4.839921358222      5.965863019973
  249     -5.088547131941      4.800518041566      5.958081771514
  249     -3.152200404113      4.861152687976      2.854250068629
  249      2.817942695982     10.515612032727      2.863260592951
    8     10.915460710387      1.505068058922     -0.041842163797
    8     -3.373417185806      6.155325790634      6.142489778230
    8      3.132354505652     -1.356552580155      9.009492934174
    8      4.412203965044      9.028586657445      2.817820914229
    8      6.307304280104     -3.293497552101      5.944407301929
    8      1.268496823259     10.902102394121     -0.242415108461
    8      9.319667505473      4.525463717134     -3.134074056370
    8     -1.787934484634      3.142440512446      3.037731576930
    8      1.683526552717      9.432662756956      4.336074264144
    8     -2.045548437588      5.990274770792      4.312988981812
    8     -6.155897935731      6.009754560503      4.563728654731
    8      5.809120807783      9.316341958413      4.578319572110
    8     -1.909057243821      5.875207664889      1.454540938904
    8      1.639822367339      9.441893697765      1.452325342436
    8      1.653302385374     -1.793094557313      1.250065676927
    8     -1.980281632280      1.751180216939      1.257698048013
    8      3.967486012427     -3.752137454900      4.299028727326
    8      3.591320273550     11.420799749262     -1.887390774634
    8     11.502186792801      3.994444200563      1.202385476795
    8     -3.959472673306      3.686181692383      7.391779866356
    1      3.438940807538     -2.996270422634      4.608396485775
    1      4.123757808989     10.664919970446     -1.585676631509
    1     10.739273789092      3.474157079134      1.508507743506
    1     -3.211792363642      4.224746663973      7.703619478019
    1     -0.159409733131      7.674791207608      4.447447527918
    1     -0.160835246430     -0.028163065949     10.634449090115
    1     -0.122070034597      7.646963371304      1.355055902229
    1     -0.152720515396     -0.012415764902      1.370656580617
    1      9.616601434197      0.963579264415      1.965234603903
    1      5.831622794007     -1.051635635501      1.974019572907
    1      1.796107053173     -0.934440139592      6.949966616851
    1      5.765482710693      8.623000607034      0.762639667522
    1      6.732524048834     -1.956265194781      3.853221830205
    1      8.733958870578      1.853268586451      3.848924750797
    1      8.787715838096      5.838710030785     -1.110815531970
    1     -1.228475687245      1.847198426429      5.067783343110
    1      1.447151681086      3.966586486501      6.292758845320
    1      3.441542834428      5.419471634502      6.532216797197
    1      4.106930826029      6.916898993391      4.686172149692
    1      2.782062358022      6.986672982338      2.599043768710
    1      0.782151115663      5.529844629209      2.359171232503
    1      0.119774288162      4.030231915370      4.193003461260
    6      9.823211382604      1.317324883749     -0.668774719373
    6     -2.289456180189      6.357198871373      5.505910414660
    6      2.010422310602     -1.249853128081      9.590235678355
    6      5.528687634538      8.904090447404      3.405653175187
    6      6.426049093818     -2.160441207129      6.498309427145
    6      1.171801964101      9.766715206112      0.310737025000
    6      9.108667346486      5.614829128549     -3.754726296914
    6     -1.572927499980      2.048437581895      2.424190299809
    6      7.726830050182     -0.047652768515      2.166066602606
    6     -0.141611673304     -0.000555745924      6.743399556656
    6      7.736668231081     -0.053620944761      3.646066974264
    6     -0.138641714184      0.000764755723      5.264235948707
    6     -0.162765459266      7.678151574042      5.527106798260
    6     -0.155367070077     -0.019617973503      9.553938814934
    6     -0.123690911697      7.646095592411      0.274211654430
    6     -0.148384006606     -0.008477642387      2.451637195842
    6      8.767162489099      0.539990806972      1.445194511830
    6      6.675112280839     -0.621268962006      1.449579692726
    6      0.930033849085     -0.535207878674      7.462184872653
    6      6.627385705412      8.218121026181      1.277488761334
    6      7.170759056965     -1.109018071875      4.365394005296
    6      8.308032004433      1.001148407164      4.363307455209
    6      8.327545294841      6.667274935221     -1.633713306335
    6     -0.763332206585      1.021083209830      4.545302135126
    6      8.743922660080      0.587617834541      0.053000920519
    6     -1.192859844245      7.059981319934      6.231194024550
    6      0.909697794265     -0.573185160984      8.854115188832
    6      6.634063257123      8.236737767200      2.669943517187
    6      7.146878251327     -1.093153906427      5.758089862120
    6      0.470617591249      8.685902555570     -0.429584594464
    6      8.355998965439      6.677719792597     -3.026688480533
    6     -0.802547137583      1.000577841070      3.152586716696
    6      1.740133946285      4.624940382024      5.482101983803
    6      2.861412258654      5.438034714944      5.616714570900
    6      3.238658677944      6.279815963419      4.574772264087
    6      2.491845676038      6.317483403119      3.399977299891
    6      1.370569990540      5.504145928623      3.268940333431
    6      0.995420454355      4.655705290713      4.307686624945
    0    0
