   3   1   1 E -3.6826383532668E+03 DE 5.6E-08( 16)
 -0.778904129008E+01  0.774323731579E+01  0.618212755909E+01
  0.779214494885E+01 -0.773840153136E+01  0.618081369403E+01
  0.781912962243E+01  0.776705399388E+01 -0.617685975801E+01
    1
  0.100000000000E+01  0.000000000000E+00  0.000000000000E+00
  0.000000000000E+00  0.100000000000E+01  0.000000000000E+00
  0.000000000000E+00  0.000000000000E+00  0.100000000000E+01
  0.000000000000E+00  0.000000000000E+00  0.000000000000E+00
   75
  249      4.735127102921     -4.794311127031      6.179781638371
  249     -4.938689109728      4.954552295542      6.173621053511
  249     -2.980336196487      4.916821741058      3.082550146554
  249      2.815690506614     10.748838743714      3.082296313123
    8     10.968737292104      1.482121110236      0.020289520410
    8     -3.351117479678      6.447087264555      6.210465234410
    8      3.133631809527     -1.414448301639      9.105522351404
    8      4.522471921706      9.378831034380      2.904492793848
    8      6.098715528414     -3.078969320892      5.999415751724
    8      1.497041469259     11.008865603645     -0.211999223918
    8      9.103989731116      4.579092860299     -3.075352014353
    8     -1.478574006075      3.340950062510      3.099034070735
    8      1.754906766409      9.528482791891      4.465075410995
    8     -1.920963833428      6.118046315872      4.481828388475
    8     -6.050422280163      6.076564935978      4.698666870293
    8      5.851959576100     -5.912635498336      4.702089668327
    8     -1.866680763722      6.032007714718      1.615025213565
    8      1.708460566513      9.647479162905      1.591569976920
    8      9.452757427342      6.022660043389     -4.788201507395
    8     -1.817260799404      1.898574372892      1.382105278746
    8      3.631379887714     -3.685042091534      4.728325860170
    8     -3.829668190285      3.835766047581      4.735727817573
    8     11.518233388498      3.783107380832      1.692912596921
    8     -3.872428353274      4.093301261703      7.824138960004
    8      6.723816426388      4.475951252883      4.257679948175
    8      8.421459948483      3.991990880233      2.723328170422
    1      4.157109002905     -2.925958948648      4.422972211382
    1      3.455734699836     10.858796650092     -1.769689814716
    1     10.633649516024      4.139505719826      1.506705802144
    1     -3.123162907713      3.557245576099      7.511971272521
    1     -0.092720767495      7.835761106990      4.585669276495
    1     -0.082389427821      0.102624025297     10.764289603275
    1     -0.102538962650      7.847039381347      1.486178891094
    1     -0.100811540239      0.071812140644      1.497096885948
    1      9.650365238670      1.027227192336      2.081177980754
    1      5.798738772438     -0.893910523337      2.098294903375
    1      1.806601248293     -0.930388874535      7.069182185484
    1      5.845103174688      8.867246490672      0.886079258678
    1      6.648352823831     -1.788358120020      3.979612102651
    1      8.845861887043      1.889485549132      3.955532397282
    1      8.709249191855      5.932359921118     -0.988794863926
    1     -1.062273439353      2.001587432365      5.181759631661
    6      9.848269855270      1.351618550388     -0.557460777112
    6     -2.226202773717      6.561330064015      5.636675683970
    6      2.033588254464     -1.239728920657      9.711857242985
    6      5.615358781238      9.198632242776      3.530453249731
    6      6.313331349844     -1.989383170685      6.618766794394
    6      1.307771116553      9.916453632249      0.416738790120
    6      8.998243994541      5.709056378365     -3.638420317201
    6     -1.369401754863      2.212188343835      2.533818648352
    6      7.727444912766      0.062784285985      2.293708529661
    6     -0.082187708664      0.089406424796      6.868736411617
    6      7.731992758210      0.061265911301      3.772661224766
    6     -0.086413746480      0.083644741397      5.388026407556
    6     -0.084403228695      7.828234545288      5.666138744754
    6     -0.081475835135      0.100730096716      9.683227644219
    6     -0.087451814663      7.833202399395      0.405337327490
    6     -0.096415924483      0.075544065861      2.577626764677
    6      8.788643603794      0.614873296414      1.572692632219
    6      6.653865967576     -0.477092143346      1.581505804842
    6      0.964738416492     -0.489986864361      7.587873629354
    6      6.691381981957      8.441619099638      1.410049936471
    6      7.105487089125     -0.954252300782      4.496045928318
    6      8.356016736013      1.085274452586      4.486421558536
    6      8.285397811819      6.785128074698     -1.504229019788
    6     -0.643794998975      1.144578601740      4.669291093991
    6      8.762323036663      0.655452971552      0.181157983318
    6     -1.131622808471      7.248007240751      6.371583948199
    6      0.952630352328     -0.514465173611      8.982178753821
    6      6.703283072515      8.479488145020      2.803061787209
    6      7.065549211675     -0.927073983824      5.888446304113
    6      0.572200073500      8.834899472849     -0.301819413070
    6      8.307601197980      6.796374154765     -2.897110442746
    6     -0.676426239336      1.126160794922      3.276912651457
    6      7.579328508212      4.239597795714      3.502899210807
    0    0
