   3   1   1 E -3.6073667885044E+03 DE-3.9E-08(  5)
 -0.782545436346E+01  0.773025090976E+01  0.618566616095E+01
  0.782214528747E+01 -0.772739139517E+01  0.617855720610E+01
  0.782946744253E+01  0.773170408783E+01 -0.618271072399E+01
    1
  0.100000000000E+01  0.000000000000E+00  0.000000000000E+00
  0.000000000000E+00  0.100000000000E+01  0.000000000000E+00
  0.000000000000E+00  0.000000000000E+00  0.100000000000E+01
  0.000000000000E+00  0.000000000000E+00  0.000000000000E+00
   74
  249      4.951286665654     -4.835024802502      6.083522112956
  249     -4.867733195344      4.814952771861      6.091156313848
  249     -2.920773904187      4.865171539253      2.989219136614
  249      3.008671140093     10.565662254749      2.982614448889
    8     11.078529401004      1.518647765370      0.080900562929
    8     -3.160760209913      6.181400606574      6.256111696852
    8      3.325919612609     -1.360979556636      9.145848957080
    8      4.591758361608      9.067060862181      2.965026639626
    8      6.445729404225     -3.252566556079      6.046766439526
    8      1.447697920753     10.978413122063     -0.121549168267
    8      9.463463348792      4.545460735139     -3.015446248991
    8     -1.541063450645      3.166484160333      3.163615683885
    8      1.898648804062      9.443618053904      4.457034447269
    8     -1.797806382511      5.981926344062      4.454314309716
    8     -5.923730663052      6.035849799016      4.697304135499
    8      6.024595033710      9.429193002232      4.684734534296
    8     -1.719507209585      5.917689816976      1.583158371677
    8      1.766232374725      9.530835269179      1.595587300313
    8      9.673238863880      5.926526878861     -4.802368472946
    8     -1.743326071256      1.786356443453      1.374923999263
    8      4.098314361361     -3.771364799396      4.429378557852
    8      3.794166646792     11.473340907771     -1.759367748899
    8      3.822146906914     -3.721936008323      7.519702292653
    8     -3.766281118213      3.647011763970      7.490395081423
    8      0.619969792962      3.771590264400      8.078895370761
    1      3.560113515344     -3.020041911160      4.732130453720
    1      4.313596148531     10.711492613570     -1.450021595323
    1     10.905303347915      3.472922296445      1.654854463298
    1     -2.909822917718      4.038043338706      7.739453726559
    1      0.051850650897      7.712079758701      4.580052724456
    1      0.048411492581      0.002890258772     10.761660312184
    1      0.026657139620      7.727019680881      1.480293785175
    1      0.050654809793     -0.010322426959      1.496007624609
    1      9.750780720132      1.009115413702      2.097101767391
    1      5.967200665650     -1.015330253770      2.085512974078
    1      1.985063014535     -0.941095001536      7.075703308913
    1      5.939631413354      8.664628641442      0.889607693410
    1      6.844534126487     -1.898728390204      3.969838065763
    1      8.849371959679      1.910534956211      3.974466393853
    1      8.941250040118      5.863790834768     -0.985510068845
    1     -1.013425336352      1.858731339413      5.190032859425
    6      9.989052710430      1.325620343641     -0.547451219596
    6     -2.070385549106      6.376131645322      5.632736919725
    6      2.201899907733     -1.247988730174      9.720496815588
    6      5.719535540057      8.971986931722      3.534686598620
    6      6.556235826173     -2.123976181097      6.612937240455
    6      1.324069394099      9.850988264555      0.443560747748
    6      9.269138886779      5.640730642709     -3.630828625988
    6     -1.341336806466      2.072353230731      2.547107841800
    6      7.857629803523      0.000444833593      2.288464583811
    6      0.050155474127     -0.000306509175      6.869819768870
    6      7.851871984473      0.003744898133      3.768017447608
    6      0.050367316152     -0.003551373218      5.389982879557
    6      0.046329991948      7.717018112008      5.661020490688
    6      0.049213899653      0.002482188813      9.681098262010
    6      0.026975565838      7.728445981548      0.399727405056
    6      0.050655587329     -0.008455012765      2.577031398883
    6      8.907696608493      0.578161381778      1.572549446846
    6      6.814180152962     -0.584491044711      1.568055605057
    6      1.122661848623     -0.534404418932      7.588472781709
    6      6.804872518568      8.265015724427      1.403287030972
    6      7.282868869637     -1.052478450763      4.483476738275
    6      8.417740590512      1.059951651480      4.486669499631
    6      8.490814893646      6.697179616244     -1.509352241265
    6     -0.560402989190      1.024440475503      4.669839104880
    6      8.901144540690      0.606112829694      0.179198771011
    6     -0.989613401129      7.104110657276      6.360377255513
    6      1.107301779151     -0.563520245347      8.980965342788
    6      6.819327557520      8.296085948298      2.796328902878
    6      7.256458485657     -1.040295515852      5.875467840547
    6      0.620723404328      8.771731629026     -0.299637372867
    6      8.523604493460      6.708947028695     -2.902440556544
    6     -0.593236649540      1.007830564469      3.276843981000
    6     -0.506297981566      3.921520375977      8.069797318779
    0    0
