   3   1   1 E -3.8933687662406E+03 DE-7.2E-09(  7)
 -0.764083014940E+01  0.791741908653E+01  0.617616423277E+01
  0.764243946666E+01 -0.791442213616E+01  0.617446751940E+01
  0.764204720127E+01  0.791487773283E+01 -0.617254716058E+01
    1
  0.100000000000E+01  0.000000000000E+00  0.000000000000E+00
  0.000000000000E+00  0.100000000000E+01  0.000000000000E+00
  0.000000000000E+00  0.000000000000E+00  0.100000000000E+01
  0.000000000000E+00  0.000000000000E+00  0.000000000000E+00
   75
  249      4.936797166990     -4.956255916653      6.123081523624
  249     -4.648502795012      4.950634896559      6.148082805367
  249     -2.662996479800      4.892340751695      3.062866644537
  249      2.957495443857     10.938752904612      3.054737437079
   16     -0.255870422334      3.791035463358      7.028453556494
    8     10.992938487228      1.461141913720     -0.003759141436
    8     -3.131842675475      6.521863784474      6.129251149283
    8      3.276482252053     -1.643127651822      9.043839706005
    8      4.595953237990      9.501296168691      2.927520213369
    8      6.288222726824     -3.225769821931      5.947172592120
    8      1.648240156482     11.137427821328     -0.203826733949
    8      9.077864496803      4.583474777871     -3.111643239228
    8     -1.194633533370      3.268816770550      3.150107529199
    8      1.892480012525      9.751817933910      4.475923970133
    8     -1.621120741190      6.108149977897      4.488606934747
    8     -5.757186739189      6.026414891046      4.646024020659
    8      6.034610267006      9.738871027780      4.664341750907
    8     -1.511815928934      6.002077732839      1.615012248079
    8      1.838669423997      9.790387198052      1.608413114958
    8      9.374164997428      6.009889994031     -4.847748892078
    8     -1.504824042543      1.909955788532      1.361194382897
    8      3.800257141624     -3.822470442512      4.714656287238
    8     -3.522274813834      3.837707413929      4.714554532408
    8     11.505638459281      3.801581331311      1.609845990547
    8     -3.584377613381      4.192489570048      7.834375479570
    1      4.316598832649     -3.059610422402      4.402611558688
    1      3.601776611090     10.984853511430     -1.754337423522
    1     10.763815419276      4.347157040756      1.295963105257
    1     -2.676273977335      3.887213114854      7.624866499987
    1      0.115112635122      7.968174577374      4.560479427057
    1      0.136600110313     -0.040393094886     10.730158324174
    1      0.165411640625      7.894079386949      1.475212066590
    1      0.130035624225      0.000394911012      1.470026863369
    1      9.637035331420      1.049417936273      2.083097693005
    1      5.814478019818     -0.931367977817      2.060923373287
    1      1.901026858322     -1.181546297881      7.007661984342
    1      5.828018883398      8.881469373344      0.892705010653
    1      6.743005872896     -1.865509971391      3.942602073530
    1      8.728615557992      1.938228973025      3.964417398524
    1      8.611526813092      5.875729055260     -1.046186764284
    1     -0.935674040094      1.813527067355      5.183563949336
    1     -0.008004621524      5.096996905233      7.327353976094
    1     -0.550551326054      4.081598992233      5.727648845126
    6      9.860142656250      1.364613444698     -0.563422774585
    6     -1.990677407850      6.627807460510      5.596020183821
    6      2.173365011162     -1.469959759033      9.655778198205
    6      5.700683125997      9.293699614014      3.517598218981
    6      6.485136313046     -2.146586288751      6.589797868985
    6      1.452196137372     10.050235749325      0.426038198479
    6      8.950121482735      5.707210096596     -3.684797144441
    6     -1.098829315660      2.156525376998      2.542517612476
    6      7.724840061251      0.058771782413      2.277536467469
    6      0.033320367636     -0.121608786647      6.838819220420
    6      7.733087500624      0.039715492326      3.757780413350
    6      0.025867160474     -0.109586038189      5.359359530319
    6      0.102559902355      7.975851104436      5.641099202312
    6      0.104596812656     -0.067051943643      9.649896082036
    6      0.142784623431      7.911000883758      0.394630910695
    6      0.094917875338     -0.031556163187      2.549496996389
    6      8.786250566586      0.625299982817      1.564904794823
    6      6.667759941091     -0.499040817425      1.553478259771
    6      1.077947194056     -0.724497904132      7.542261805416
    6      6.665409647237      8.418914226122      1.397970016149
    6      7.173823246915     -1.023451596085      4.469568227881
    6      8.316645986666      1.081082247923      4.481199022331
    6      8.214482485139      6.750049522520     -1.545924185027
    6     -0.498478850278      0.977560744436      4.656697485329
    6      8.777211475836      0.657996056588      0.173585648074
    6     -0.942539509860      7.381209054556      6.335104555545
    6      1.096052478149     -0.733830465371      8.934871446741
    6      6.721012151580      8.487319108083      2.788864025693
    6      7.169922674168     -1.034771590891      5.864035569185
    6      0.731557706712      8.963351272725     -0.301644257380
    6      8.268660141379      6.797567404099     -2.936855806449
    6     -0.478086157037      1.013626758162      3.265275688096
    0    0
