   3   1   1 E -3.6073626973331E+03 DE-2.1E-08(  6)
 -0.773030571022E+01  0.782835626013E+01  0.618501883201E+01
  0.773004023224E+01 -0.782510474294E+01  0.618065346851E+01
  0.773177278416E+01  0.782671220070E+01 -0.618091191257E+01
    1
  0.100000000000E+01  0.000000000000E+00  0.000000000000E+00
  0.000000000000E+00  0.100000000000E+01  0.000000000000E+00
  0.000000000000E+00  0.000000000000E+00  0.100000000000E+01
  0.000000000000E+00  0.000000000000E+00  0.000000000000E+00
   74
  249      4.799855314424     -4.889204780151      6.199509794091
  249     -4.856314363128      4.941425479260      6.204479991194
  249     -2.876721753404      4.882647677098      3.120197335510
  249      2.822587787089     10.814477262165      3.119737407153
    8     10.961177396110      1.432163315781      0.051986397820
    8     -3.271205674779      6.433946921687      6.232727525626
    8      3.154936145118     -1.558199280190      9.123010164234
    8      4.532415678653      9.444658816160      2.941197016361
    8      6.170995917576     -3.183402753499      6.026085717175
    8      1.503179615310     11.058251145615     -0.151433762499
    8      9.057875367318      4.564469081119     -3.038690561769
    8     -1.399235962194      3.287656069627      3.148723438803
    8      1.783090519762      9.599548731560      4.525154153374
    8     -1.821494545609      6.083887811277      4.524728012910
    8     -5.957676719984      6.065675810962      4.730196319757
    8      5.910000448402      9.641646671125      4.732415685966
    8     -1.749734988306      5.996748225026      1.654389803629
    8      1.707025056279      9.695486117959      1.650735803591
    8      9.399455975690      5.996475870041     -4.762843514392
    8     -1.730151998853      1.866805287236      1.414356751077
    8      3.685779507143     -3.764430948519      4.763021865098
    8     -3.748371966111      3.811438385238      4.766520442038
    8      3.722945107206     -4.035810689947      7.851625744130
    8     -3.780686946680      4.089364001026      7.856934693010
    8      4.853690262826      6.502801709571      5.317537830712
    1      4.219673658954     -3.015393670063      4.446623313571
    1      3.446353899015     10.890709966124     -1.728977311468
    1     10.710782538675      4.333616679432      1.357392060168
    1     -3.033982101667      3.549530550724      7.545147547778
    1     -0.014204633147      7.834724329223      4.627006947921
    1     -0.008860672769      0.045494063905     10.792303214377
    1     -0.023690766502      7.848696844003      1.526644295260
    1     -0.045449084366      0.005989336748      1.528068534396
    1      9.618430453342      1.011024870893      2.130100919009
    1      5.800225090827     -0.974437652545      2.129585721417
    1      1.835490263115     -1.039251898767      7.092867543590
    1      5.832316923273      8.896879793046      0.915865065487
    1      6.695841328178     -1.870018999238      4.010310084898
    1      8.719363510083      1.912044443470      4.007965377931
    1      8.650128369299      5.911121592738     -0.965385596499
    1     -0.986746652025      1.943037782162      5.215998697625
    6      9.833218870123      1.313754472139     -0.514024936980
    6     -2.140914622542      6.543187848904      5.670440798750
    6      2.060352482011     -1.358412324740      9.738567435694
    6      5.625031599579      9.242964736914      3.558166362399
    6      6.367373544176     -2.094002444514      6.653296129707
    6      1.313883042434      9.965473861744      0.471768120168
    6      8.949538779485      5.691332298856     -3.610036742878
    6     -1.288361948989      2.163967170064      2.572901544854
    6      7.709924971152      0.017272395196      2.333474742615
    6     -0.031566451130      0.016804645598      6.898777609430
    6      7.708072898336      0.020475509034      3.813304085556
    6     -0.035124102658      0.013446833019      5.419120895900
    6     -0.016116614032      7.837828178537      5.707615638450
    6     -0.018665501646      0.034531001174      9.711356631152
    6     -0.023655185683      7.848082433311      0.445648992508
    6     -0.038339046580      0.012133279150      2.607821801786
    6      8.768611488384      0.579783000325      1.616298873826
    6      6.652966072626     -0.548539612245      1.616205334185
    6      1.002573596953     -0.587395790052      7.616225662500
    6      6.670609054937      8.452890894138      1.437190839389
    6      7.124392100122     -1.024126678775      4.532259521032
    6      8.289973730705      1.067158482697      4.531011987319
    6      8.238118399003      6.770472257866     -1.479041288112
    6     -0.577793434562      1.082369206627      4.702174224784
    6      8.755111820367      0.604964062457      0.223945767788
    6     -1.059840581862      7.247285198324      6.409072432881
    6      0.993822475828     -0.612892341824      9.009204744555
    6      6.691279312189      8.495645307012      2.829866876425
    6      7.089919943137     -1.009891090432      5.925366188941
    6      0.592592985294      8.880450922117     -0.256434729570
    6      8.265098355073      6.784539478175     -2.871293980780
    6     -0.607578685405      1.067503559784      3.309799434580
    6      5.649529249312      6.575821070069      6.128440734781
    0    0
