   3   1   1 E -3.7262329010400E+03 DE 4.9E-08(  5)
 -0.782627874283E+01  0.777149821876E+01  0.618116226708E+01
  0.782157136965E+01 -0.777560009025E+01  0.618068244386E+01
  0.778750804461E+01  0.773634931738E+01 -0.618719407050E+01
    1
  0.100000000000E+01  0.000000000000E+00  0.000000000000E+00
  0.000000000000E+00  0.100000000000E+01  0.000000000000E+00
  0.000000000000E+00  0.000000000000E+00  0.100000000000E+01
  0.000000000000E+00  0.000000000000E+00  0.000000000000E+00
   84
  249      4.975465833405     -5.105212481431      6.019232271028
  249     -4.876767245696      4.603543362553      6.019629854963
  249     -2.923252588308      4.642416272576      2.922220833567
  249      2.977261361125     10.372885169754      2.922215090679
    8     11.081932543679      1.225390741597     -0.014209069933
    8     -3.167888499815      5.968262930707      6.189726248026
    8      3.310590320445     -1.645498199301      9.070623814031
    8      4.584674491914      8.902233031244      2.882441298120
    8      6.488219087011     -3.541373384044      6.009835572514
    8      1.415630243592     10.762552345453     -0.185944311302
    8      9.435720378214      4.312711226724     -3.078268841940
    8     -1.586739535445      2.903414652008      3.115744092800
    8      1.858305410114      9.275723934051      4.402959824531
    8     -1.807165266612      5.757748056836      4.387512233159
    8     -5.935943995518      5.814487974057      4.624961496246
    8      6.007894998121      9.200687795785      4.619612537830
    8     -1.746514199297      5.703730396452      1.503846781279
    8      1.773874445129      9.317189686627      1.523385859485
    8      1.831962987707     -2.055064400372      1.309188262578
    8     -1.717014064965      1.553961516847      1.299188323575
    8      4.128164631667     -4.015385527200      4.372968874574
    8      3.748536182580     11.259411565230     -1.824286536198
    8      3.830715668929     -4.011006950738      7.454790003754
    8     -3.741892159710      3.495618209717      7.455167483676
    1      3.590128708093     -3.270573136712      4.692592392235
    1      4.281521683964     10.506306848840     -1.516466653483
    1     10.875398585350      3.183124154754      1.584369197494
    1     -2.993460011287      4.034176391255      7.764851052076
    1      0.051852347172      7.476788884008      4.509743478860
    1      0.050417769632     -0.249145737778     10.693079585596
    1      0.047676954178      7.489538695684      1.418354789130
    1      0.052418862884     -0.250276431584      1.429573616598
    1      9.748878494845      0.747802676720      2.027782465721
    1      5.975942716341     -1.291744189408      2.026924449158
    1      1.969619652385     -1.221550874397      7.006247196570
    1      5.921683164521      8.465479473236      0.817500108083
    1      6.871302218562     -2.186972169603      3.909723572366
    1      8.841210193625      1.639629379907      3.912161267331
    1      8.896814825885      5.621044590680     -1.059945627622
    1     -1.020515235513      1.607576848699      5.127362635945
    1      2.096311843878      5.182355137786      5.451272567791
    1      0.643214883795      3.641329117249      4.151452399845
    1      0.698001399959      3.686078348522      1.683024764615
    1      2.171424452198      5.278790978942      0.503439032317
    1      3.601282566830      6.843158506777      1.805200718870
    1      3.573621625646      6.776396587057      4.264887282347
    6      9.971167623872      1.072025311221     -0.618079825776
    6     -2.074814866730      6.153973982817      5.565605755633
    6      2.189110458248     -1.523644164506      9.647954571250
    6      5.705469488259      8.769168370335      3.460111720222
    6      6.565720921175     -2.398572295051      6.555794691993
    6      1.314155180690      9.631440198750      0.376507724616
    6      9.227972598910      5.401737768586     -3.701186227306
    6     -1.349743298279      1.824496156485      2.485589446041
    6      7.863306190237     -0.275050521711      2.224862634760
    6      0.049480602268     -0.250652026899      6.802067862952
    6      7.860172116920     -0.274910357755      3.705422434736
    6      0.050138592919     -0.250400765196      5.323343804715
    6      0.040196590270      7.491992646015      5.589836086900
    6      0.050358134994     -0.249195160981      9.612551699388
    6      0.034996777005      7.500189632841      0.338521432066
    6      0.051376610470     -0.250482010842      2.510528361184
    6      8.905985618295      0.313513371778      1.505181795685
    6      6.821034230062     -0.861456132662      1.505011973018
    6      1.113079699389     -0.803149462798      7.519221572207
    6      6.774536690099      8.040680377359      1.331546615579
    6      7.296725902785     -1.334051257381      4.423380684286
    6      8.416883680352      0.785380320869      4.424408875993
    6      8.447349472405      6.455965028846     -1.581865273236
    6     -0.562193210332      0.777656299418      4.605121693158
    6      8.892571335114      0.346278118434      0.112018085444
    6     -0.990557037722      6.874929046609      6.292688965904
    6      1.098957372228     -0.830912607559      8.911176389887
    6      6.789528685166      8.069769518994      2.723532924197
    6      7.265180541465     -1.317571119630      5.815369349198
    6      0.621202528825      8.545447470306     -0.363287338914
    6      8.481440642379      6.470282589996     -2.974471610012
    6     -0.595132395080      0.763380617231      3.212224496802
    6      2.112680140318      5.201142707245      4.367676035528
    6      1.300930032086      4.334155311043      3.642638684796
    6      1.326846988411      4.360564520186      2.251776236988
    6      2.157323124660      5.258046342095      1.586921667081
    6      2.961657681626      6.132239214609      2.311757121810
    6      2.941846333935      6.099564387696      3.702456894490
    0    0
