   3   1   1 E -3.6073630712340E+03 DE 1.9E-08(  5)
 -0.768031798393E+01  0.788147146184E+01  0.618319671867E+01
  0.767787174988E+01 -0.787974980328E+01  0.617827459757E+01
  0.767665861893E+01  0.787590044064E+01 -0.618122884419E+01
    1
  0.100000000000E+01  0.000000000000E+00  0.000000000000E+00
  0.000000000000E+00  0.100000000000E+01  0.000000000000E+00
  0.000000000000E+00  0.000000000000E+00  0.100000000000E+01
  0.000000000000E+00  0.000000000000E+00  0.000000000000E+00
   74
  249      4.875968572063     -4.934968563787      6.185849807781
  249     -4.742782012646      4.940081056516      6.192315413671
  249     -2.758877640856      4.882275353992      3.114514477651
  249      2.877187699008     10.882985278621      3.120893848958
    8     10.990752304446      1.427175403349      0.024094730791
    8     -3.160973936074      6.431987031447      6.224729635325
    8      3.216588245151     -1.617505438989      9.108771771528
    8      4.560090342072      9.477566418470      2.948922794297
    8      6.244743740739     -3.224765874149      6.019698193317
    8      1.562344119618     11.105880531636     -0.159436097589
    8      9.078382079530      4.592385251520     -3.041127189985
    8     -1.274956995087      3.290614449901      3.146051279767
    8      1.825646139942      9.697642723433      4.538560088075
    8     -1.704859879121      6.078167307787      4.523391723054
    8     -5.844608337490      6.062079270816      4.717451229444
    8      5.976141716448     -6.055160812806      4.707664013523
    8     -1.632843018812      6.004312654625      1.653420682498
    8      1.744340824609      9.764832870977      1.660095443376
    8      9.412834120905      6.007810087418     -4.779147863175
    8     -1.592554763076      1.881451118085      1.399181405562
    8      3.763332357157     -3.798024649952      4.755725014691
    8     -3.634076004941      3.807140509374      4.756973488405
    8     11.472161140515      3.781704151694      1.659831891292
    8     -3.668132332325      4.082172763013      7.843413286240
    8      3.183108432430      6.689744870221      1.878156794225
    1      4.302307281650     -3.053335427669      4.437911415627
    1      3.505921130528     10.936128893723     -1.740838501197
    1     10.726873154839      4.323377987487      1.347543428338
    1     -2.928743734750      3.534503133560      7.528036967967
    1      0.086616589862      7.854967654960      4.619691311169
    1      0.055251076356     -0.005481268737     10.781123412071
    1      0.047573872492      7.889166064890      1.525511539174
    1      0.074187213333      0.011145260507      1.517413757427
    1      9.647900441034      1.015308993650      2.124106329558
    1      5.859689639265     -1.027031839068      2.125702023420
    1      1.901197484490     -1.083820014103      7.079780696565
    1      5.859582535886      8.931635767496      0.905139459585
    1      6.769714439320     -1.911417068055      4.006309492946
    1      8.737533176070      1.899569374690      4.004852024060
    1      8.653440141845      5.927789861094     -0.979237997644
    1     -0.883596237319      1.931841236776      5.208725345493
    6      9.850524899898      1.325316134248     -0.519685672323
    6     -2.029191469353      6.542742573706      5.665448051985
    6      2.122204254159     -1.415142948066      9.724330262561
    6      5.663931077925      9.280712973053      3.550313346332
    6      6.431613210347     -2.134779180529      6.648398672574
    6      1.369032576061     10.018627255603      0.471233710513
    6      8.970746871231      5.715003926339     -3.620073824571
    6     -1.162952173315      2.170070536823      2.563879552332
    6      7.755117096500     -0.008578513932      2.329393178014
    6      0.041974884192     -0.014398767065      6.887755028185
    6      7.752727018437     -0.005570688164      3.809432834315
    6      0.045826069683     -0.009129704650      5.408340951731
    6      0.078639459167      7.863165207424      5.700231778282
    6      0.050207380763     -0.010538372015      9.700115724535
    6      0.059156036329      7.883163553742      0.444461879469
    6      0.066198657313      0.005444943615      2.597919924521
    6      8.803911844691      0.571364917746      1.611376462020
    6      6.706401669939     -0.589474454733      1.612166037014
    6      1.070307359752     -0.629363031324      7.604060979294
    6      6.692528970572      8.476897877673      1.426043967673
    6      7.183190325340     -1.058192594121      4.528394858059
    6      8.318104901724      1.049650170591      4.527698306487
    6      8.256944085992      6.795044693291     -1.491546105969
    6     -0.478947149723      1.070067812479      4.693347932908
    6      8.787733717946      0.596705244100      0.219232940935
    6     -0.955466359930      7.257811914458      6.403138118140
    6      1.059139911636     -0.662158650637      8.996976560916
    6      6.713551362403      8.514379245166      2.818907589399
    6      7.141914113223     -1.041725214879      5.921280345892
    6      0.666250767993      8.921654541132     -0.257011307050
    6      8.295457417321      6.815667885729     -2.883566337479
    6     -0.496852290060      1.063848827575      3.300765308379
    6      2.500909439157      6.889777939146      2.767568771951
    0    0
