   3   1   1 E -3.7262384670662E+03 DE 1.8E-08(  5)
 -0.782443464383E+01  0.771976038787E+01  0.617234568303E+01
  0.783060727464E+01 -0.772459901159E+01  0.618512384908E+01
  0.784228918403E+01  0.773438144426E+01 -0.617795268985E+01
    1
  0.100000000000E+01  0.000000000000E+00  0.000000000000E+00
  0.000000000000E+00  0.100000000000E+01  0.000000000000E+00
  0.000000000000E+00  0.000000000000E+00  0.100000000000E+01
  0.000000000000E+00  0.000000000000E+00  0.000000000000E+00
   84
  249      4.815052854733     -4.552781500357      6.107583001960
  249     -5.015233893995      5.093898584035      6.103257567258
  249     -3.053621879111      5.154698460924      3.001727669053
  249      2.883096007345     10.853315431983      3.006455875491
    8     10.945633116634      1.819695143145      0.095021050217
    8     -3.291040230581      6.467709728320      6.293960419602
    8      3.194787925047     -1.070960531156      9.139668592148
    8      4.471992109512      9.364071341620      2.987283394136
    8      6.351542041825     -3.005784534128      6.085237206503
    8      1.348033053244     11.228525544927     -0.121896475778
    8      9.322107116767      4.821296565446     -3.005885376265
    8     -1.684620332674      3.442103427651      3.184278319711
    8      1.758362297722      9.725568151125      4.464203140990
    8     -1.943322461808      6.269102457835      4.479507620408
    8     -6.050775812654      6.308291711189      4.692108148419
    8      5.902195072983      9.690295512936      4.715090210423
    8     -1.811886960380      6.178948282780      1.602033818946
    8      1.693666414907      9.791771946346      1.598309375862
    8      9.495727370001      6.200505001532     -4.797111050432
    8     -1.925588364974      2.057026230389      1.403865999600
    8      3.969927657949     -3.484410300360      4.456085678593
    8     -4.153967000447      4.033155315740      4.448439587049
    8      3.700004161934     -3.419848445941      7.536644161311
    8     -3.882042350966      3.985425557528      7.536584710565
    1      3.459975932165     -2.706648752558      4.745254399999
    1      4.225485230213     11.017207072565     -1.421905556105
    1     10.778452820670      3.797313336310      1.667175042402
    1     -3.129803747805      4.517201895098      7.847782224727
    1     -0.102927241102      8.012391330148      4.599376006953
    1     -0.074588601802      0.281724258770     10.771533408234
    1     -0.056902707035      7.984110283185      1.503380943243
    1     -0.153523887595      0.249590793582      1.510005885773
    1      9.671440436072      1.253870378956      2.107181359150
    1      5.913332464737     -0.805602194852      2.143308245978
    1      1.804038112982     -0.716901608168      7.065479863653
    1      5.794291028757      8.927270402840      0.919046400119
    1      6.871478924279     -1.714521112376      4.011965913404
    1      8.764364475298      2.146539762431      3.990512992105
    1      8.781213725602      6.117005854939     -0.982805148753
    1     -1.189466788257      2.105048045961      5.218370597308
    1      3.004285229221      1.716894690653      6.732201223371
    1      2.101718514184      3.054275101940      4.848198420402
    1      2.460635235604      2.308993136573      2.519244010574
    1      3.718898500724      0.222689343445      2.063281063208
    1      4.612217738148     -1.108762558049      3.948180090630
    1      4.255074789889     -0.356065508624      6.288319401025
    6      9.856243148743      1.616180971666     -0.529264632880
    6     -2.198960200544      6.651808108801      5.664837754819
    6      2.068831095698     -0.974115002349      9.717470582031
    6      5.597697265132      9.248390944340      3.558716328645
    6      6.489745992645     -1.879629463810      6.648356441052
    6      1.238799132518     10.102237172734      0.448555669123
    6      9.101613197464      5.911408267851     -3.621072988998
    6     -1.513622903968      2.338264947562      2.573836484020
    6      7.795162954098      0.220317609418      2.319433169013
    6     -0.122770267943      0.237396149531      6.880442448798
    6      7.813403127580      0.215352773052      3.798362652749
    6     -0.138556953972      0.234603326734      5.401931451873
    6     -0.082790362457      7.990544702510      5.679988731819
    6     -0.087740934232      0.268627566206      9.691053465610
    6     -0.040653943102      7.968063141629      0.423038208962
    6     -0.151462350086      0.243766127824      2.590887682022
    6      8.821785838288      0.823763484793      1.592806645986
    6      6.741561251021     -0.360311369607      1.610547623458
    6      0.954287043075     -0.301739910942      7.589789714331
    6      6.659686974158      8.520839278181      1.426761169663
    6      7.274971208967     -0.849811239721      4.521673752274
    6      8.353298871245      1.289727289938      4.509083100841
    6      8.312397477422      6.943254704351     -1.499733510805
    6     -0.747924737902      1.269100098361      4.691061399638
    6      8.784268039455      0.879026228878      0.201143957464
    6     -1.099377848215      7.355536271986      6.389096585484
    6      0.960094990528     -0.308465451482      8.983032425132
    6      6.688798807949      8.562262974973      2.818356967601
    6      7.222560800783     -0.816724934902      5.913252631917
    6      0.546142503631      9.010322871057     -0.284147197827
    6      8.337805794471      6.961913607944     -2.891596256256
    6     -0.786174045491      1.259995065683      3.298550030043
    6      3.160852472875      1.394004968911      5.710158319668
    6      2.656939873629      2.144390943904      4.652015091237
    6      2.860423464526      1.726672740692      3.340840115443
    6      3.566352937476      0.555884205507      3.082799359080
    6      4.061665509639     -0.197109764266      4.143024271784
    6      3.862341982193      0.219237075652      5.457881175598
    0    0
