   3   1   1 E -3.6826350564324E+03 DE-1.3E-07(  3)
 -0.779336755648E+01  0.783106012196E+01  0.621489988552E+01
  0.777361727518E+01 -0.781266457751E+01  0.616668224021E+01
  0.774673642334E+01  0.776559935352E+01 -0.619193890878E+01
    1
  0.100000000000E+01  0.000000000000E+00  0.000000000000E+00
  0.000000000000E+00  0.100000000000E+01  0.000000000000E+00
  0.000000000000E+00  0.000000000000E+00  0.100000000000E+01
  0.000000000000E+00  0.000000000000E+00  0.000000000000E+00
   75
  249      4.978993125583     -4.812198962493      6.204244623147
  249     -4.817401381994      5.009625225514      6.235212428810
  249     -2.839842775855      4.960406256716      3.143565689075
  249      2.954308740892     10.821343698031      3.143075349613
    8     11.030046352748      1.569876379632      0.173150375621
    8     -3.227317885475      6.492777144994      6.269312104028
    8      3.295242554679     -1.378710355632      9.226868656680
    8      4.617482101863      9.411044674116      2.968413334265
    8      6.480488328434     -3.228530586591      6.180686029593
    8      1.534667831474     11.088597908524     -0.120001143503
    8      9.357792827764      4.657920222810     -2.916123391165
    8     -1.354315603767      3.346060546693      3.187081072127
    8      1.893319918863      9.602662863118      4.569982192856
    8     -1.757828067980      6.105334070857      4.586588941532
    8     -5.922375947296      6.118545622540      4.782112850009
    8      5.963719043089      9.570460873981      4.787339176551
    8     -1.713707145755      6.060138569285      1.683448196090
    8      1.730639588961      9.758856601141      1.709598325930
    8      9.530738784105      5.997101468106     -4.737488185734
    8     -1.675912437834      1.890993759703      1.475762778718
    8      4.063100833868     -3.735347455054      4.636295852998
    8     -3.757633006707      3.876265173328      4.740459636921
    8      3.863135616247     -3.774210862435      7.717975625079
    8     -3.726694759610      4.056569961407      7.783749015394
    8     -3.261970174095      8.879968624510      1.136301255286
    8      3.958002158228     -0.660011945443      5.827081518713
    1      3.706443923707     -2.867876955729      4.888812373901
    1      3.494181228662     10.843106289648     -1.694786024423
    1     10.783479702341      3.529856313565      1.737827231771
    1     -2.998763402327      3.510206861364      7.444029829350
    1      0.023121794117      7.920465814305      4.693422638741
    1      0.069118497892      0.116792147004     10.846590181872
    1      0.078384816253      7.862703219772      1.584052678060
    1      0.104118615201      0.100790801545      1.581567218859
    1      9.711071881365      1.037819465192      2.185795024679
    1      5.916754221554     -0.979793388189      2.156454897180
    1      1.919523941431     -0.994065623298      7.160470842612
    1      5.943990916586      8.904707121524      0.951132676451
    1      6.825520850079     -1.874492064517      4.072107629565
    1      8.779182732986      1.952940211007      4.042648641597
    1      8.831379230033      5.971497933599     -0.910851477116
    1     -0.915519684515      2.010357748952      5.262859525167
    6      9.942715909187      1.387446507472     -0.458468664638
    6     -2.088929962218      6.585134815546      5.720318922377
    6      2.171504851474     -1.243275051591      9.800850665897
    6      5.703970442309      9.207998845330      3.596967301977
    6      6.556528047775     -2.087912256710      6.722552388483
    6      1.352920566032     10.005015874177      0.520005512803
    6      9.159195897131      5.742665986454     -3.547691604228
    6     -1.222540591978      2.219248642023      2.621513778148
    6      7.808710251998      0.043710214009      2.372880433819
    6      0.074246037735      0.100903772851      6.952800328086
    6      7.816757905997      0.034852536836      3.855024041896
    6      0.083868115109      0.105416208526      5.473681429546
    6      0.021010658383      7.909858852877      5.774240952796
    6      0.071139352437      0.111445772687      9.765834774688
    6      0.073118499380      7.857317031390      0.503243784955
    6      0.101989119432      0.103856332097      2.662320147891
    6      8.858388610222      0.627933419031      1.659988378475
    6      6.759383741353     -0.527819369530      1.647616740318
    6      1.103666136319     -0.506290603900      7.675344342582
    6      6.782958007310      8.465760707149      1.475271494978
    6      7.263923095070     -1.024325530857      4.580014934057
    6      8.382158770006      1.094595695928      4.569085874940
    6      8.407276323829      6.819284071151     -1.431844917785
    6     -0.480980388905      1.160177261643      4.752501463256
    6      8.849572339164      0.678503664993      0.266926390056
    6     -1.014587961634      7.294237953062      6.468672279206
    6      1.096193664286     -0.518065329302      9.067070399992
    6      6.790374088069      8.494782559822      2.868063654136
    6      7.253369448232     -1.004270937178      5.974595085470
    6      0.656864412027      8.901953125492     -0.204707278351
    6      8.448633096386      6.832213976204     -2.824010730784
    6     -0.503317293092      1.143920176603      3.360293255458
    6      4.240767449734      0.195764265703      6.578767109213
    0    0
