   3   1   1 E -3.8407549007865E+03 DE 7.3E-08( 16)
 -0.760255460190E+01  0.789549317496E+01  0.619163507660E+01
  0.758109501316E+01 -0.789245465467E+01  0.616002019491E+01
  0.764676173239E+01  0.793703321538E+01 -0.618731963706E+01
    1
  0.100000000000E+01  0.000000000000E+00  0.000000000000E+00
  0.000000000000E+00  0.100000000000E+01  0.000000000000E+00
  0.000000000000E+00  0.000000000000E+00  0.100000000000E+01
  0.000000000000E+00  0.000000000000E+00  0.000000000000E+00
   88
  249      4.552659574473     -4.869777128304      6.232780609397
  249     -4.988884587867      4.933338179125      6.264108253632
  249     -2.997813748420      4.937302712060      3.203624719225
  249      2.619998527378     10.965754728501      3.149785194470
    8     10.559253804262      1.634198746500      0.210278660370
    8     -3.474387246446      6.542567778601      6.234189133584
    8      2.968679438397     -1.487757605761      9.254611517757
    8      4.235117412771      9.502805043142      3.034823527646
    8      5.916059123898     -3.166345877486      6.056763006315
    8      1.225347053358     11.216444835439     -0.015390444730
    8      8.700492734539      4.620004312075     -3.036634759896
    8     -1.509645009839      3.304776711207      3.311992315173
    8      1.580778385920      9.781385342966      4.614838558358
    8     -1.936666122541      6.172440089238      4.603239433441
    8     -6.100435163303      5.924972027444      4.735208273798
    8      5.652289064555      9.733841802558      4.792915310180
    8     -1.884054779855      6.040877465059      1.730625372143
    8      1.509350858601      9.799880914243      1.730689160027
    8      9.020702751353      6.073379453548     -4.748477925182
    8     -1.801889712543      1.978730787901      1.492138681137
    8      3.493653657179     -3.791565199672      4.742288980653
    8     -3.845830614427      3.817443837508      4.828940329368
    8      3.487073218528     -3.963952956995      7.855947825306
    8     -3.923854253402      4.185760496260      7.933966640261
    8     -1.394167175209      3.491708761038      7.065876810511
    1      4.014858141857     -3.045421941311      4.401940875575
    1     -3.105971863685      3.359707406154      5.271296959027
    1     10.489476088373      3.340683350768      2.028039415604
    1     -2.992759913093      3.939433888273      7.724583666107
    1     -0.227125922053      8.038213332038      4.705659456742
    1     -0.203123987352     -0.006942028619     10.860652349991
    1     -0.221910106598      7.948885888287      1.612850726659
    1     -0.233066882075      0.033901467597      1.603888088522
    1      9.199649737198      1.143573811084      2.243294859204
    1      5.405679988597     -0.875599117412      2.164319340933
    1      1.547891602242     -1.184157377670      7.143674468506
    1      5.416394915918      8.794394367091      1.011753878224
    1      6.321762741884     -1.780216850059      4.053474958216
    1      8.289342988902      2.036970417452      4.107094547100
    1      8.244993051561      5.887966503163     -0.947805391234
    1     -1.233737439695      1.834870862524      5.345462808716
    1     -1.170474660539      2.671531270378      7.542114868260
    1     -0.251789838060      4.718012049146      5.879616510818
    1     -0.053374918261      4.984199520512      7.627876947365
    1      8.755577603187     -4.652770763813      2.819600049916
    1      3.066605162133      1.641409954418     -3.292662710464
    1     -3.560003654247      8.709902284098      0.789498716468
    1      3.089447120722      1.572999228872      4.773518113924
    1      1.182301269845      3.153317414804      4.728534705772
    6      9.458629627805      1.476817973488     -0.407409901818
    6     -2.328815748124      6.669160953764      5.713673593384
    6      1.821070239117     -1.436095774261      9.789923891581
    6      5.329372708481      9.293955394572      3.641090474532
    6      6.071032724215     -2.078444791394      6.697712001398
    6      1.070774230345     10.106468847509      0.574019318473
    6      8.585313131073      5.753830421305     -3.595127016108
    6     -1.423101793926      2.198718666425      2.687800970473
    6      7.295927941386      0.149359615531      2.403534054924
    6     -0.335888236967     -0.142954169316      6.968173143573
    6      7.291563435306      0.134981698459      3.882152092646
    6     -0.346690163900     -0.122470115739      5.488352624523
    6     -0.252338049607      8.044447230142      5.786043690954
    6     -0.244689092760     -0.048658752080      9.781114213312
    6     -0.247284125364      7.974187799460      0.532482823762
    6     -0.271104183507     -0.009627232642      2.682785850460
    6      8.358326339219      0.726899517566      1.704565051460
    6      6.258299682556     -0.428989770385      1.667984207269
    6      0.722560015890     -0.723189288927      7.670751036491
    6      6.285707388602      8.392936493233      1.517368781593
    6      6.738722667480     -0.934978528402      4.586131344996
    6      7.866419137590      1.178090687972      4.611603222827
    6      7.844815005450      6.765425072668     -1.440261442477
    6     -0.852896577100      0.983491350898      4.799270787098
    6      8.368690423448      0.763138028037      0.313331783828
    6     -1.296515714833      7.431818400252      6.467883736150
    6      0.742157868391     -0.714074207939      9.063145134715
    6      6.356676811326      8.496692625060      2.908968381436
    6      6.731295358438     -0.951738094133      5.979780474846
    6      0.337520558774      9.031721870278     -0.157952267318
    6      7.902650546004      6.832033178477     -2.831219598908
    6     -0.834480823380      1.034577337691      3.407577927546
    6     -0.138376510545      4.225104530690      6.844996632440
    6      1.044634718223      3.300904824800      6.862714345308
    6      1.577486810264      2.873766151307      8.082275472260
    6      2.641992733425      1.982267464551      8.112056255516
    6      3.189746543718      1.512844146574      6.920829662128
    6      2.667630481055      1.937076800687      5.703259953084
    6      1.599706473172      2.827693328536      5.674740763115
    0    0
