   3   1   1 E -3.6097941416388E+03 DE-1.0E-08(  3)
 -0.777087621974E+01  0.783291095473E+01  0.619308349119E+01
  0.776363081952E+01 -0.782611053541E+01  0.617271638793E+01
  0.773781279899E+01  0.779259348967E+01 -0.618361684048E+01
    1
  0.100000000000E+01  0.000000000000E+00  0.000000000000E+00
  0.000000000000E+00  0.100000000000E+01  0.000000000000E+00
  0.000000000000E+00  0.000000000000E+00  0.100000000000E+01
  0.000000000000E+00  0.000000000000E+00  0.000000000000E+00
   78
  249      4.739359816868     -4.936585359596      6.167571672291
  249     -4.967539556835      4.945133545155      6.231035188584
  249     -3.001013379808      4.872967581267      3.077669397213
  249      2.753655382918     10.765151036182      3.092920170926
    8     10.906693815523      1.352432944200      0.010229392371
    8     -3.416468013562      6.483367264843      6.180524937583
    8      3.047601370544     -1.607520288140      9.078274616462
    8      4.431015077898      9.363670819130      2.957554691966
    8      6.108363142478     -3.226717601857      6.003514251486
    8      1.477979306088     10.975548764136     -0.199994509628
    8      8.970230527948      4.473866872430     -3.079061661858
    8     -1.568298631727      3.210472306987      3.206964904867
    8      1.693913023336      9.539268287937      4.488682643497
    8     -1.945399268370      6.058500508338      4.505731371851
    8     -6.068137766487      6.005041330784      4.715422670142
    8      5.841001169306      9.588176772334      4.718451920882
    8     -1.829816052891      5.958490754544      1.637251897317
    8      1.648441823897      9.632435495919      1.619108311094
    8      9.225232680965      5.916420238981     -4.811446881684
    8     -1.826311932192      1.846901232748      1.413693026086
    8      3.593592035120     -3.795341411185      4.773391992990
    8     -3.783874343347      3.841899546328      4.801202733839
    8      3.659651821071     -4.090021136677      7.829252270114
    8     -3.923004380030      4.199224047110      7.923189253619
    8     -1.646327299232      3.611505593780      6.606973102637
    1      4.103261218410     -3.027612117105      4.461608347638
    1      3.497196369735     10.810003455977     -1.620683743433
    1     10.637112874571      4.218969702905      1.326510341875
    1     -3.016697012778      3.910073581354      7.652547207395
    1     -0.142231154770      7.826508445224      4.596010900938
    1     -0.103943193618     -0.014252987330     10.786829104114
    1     -0.082834041884      7.792077925743      1.496591655877
    1     -0.172026740943     -0.032418467660      1.524701130742
    1      9.573331760627      0.924151808346      2.086565851072
    1      5.722988958587     -1.003546117952      2.092833675477
    1      1.672652624540     -1.158689583493      7.069587225005
    1      5.703309333445      8.797148186549      0.932604660078
    1      6.617588578752     -1.916696263731      3.980052610241
    1      8.700859833660      1.834328330126      3.963616788909
    1      8.510693825703      5.770029578660     -1.000890309499
    1     -1.212672034750      1.781239838385      5.251260063609
    1      0.333948118316      3.023861183394      6.289595416268
    1      0.074560172027      4.375299393135      7.423258670614
    1     -0.087570924333      4.646375220283      5.670870001637
    1     -2.110968591245      3.658232380646      5.744778639956
    6      9.777636750617      1.248885072940     -0.558311874257
    6     -2.275286211130      6.549974933415      5.638868168211
    6      1.956828567385     -1.422623766738      9.710960316898
    6      5.532387974480      9.164175420646      3.556224579634
    6      6.314120742047     -2.138414618982      6.624330610880
    6      1.269322613228      9.892791684521      0.434742472069
    6      8.816584253717      5.596206613968     -3.645779095840
    6     -1.433646972576      2.103018167362      2.596869837230
    6      7.649763507050     -0.039791977117      2.294413129687
    6     -0.195958371204     -0.103074297891      6.894661472238
    6      7.658972498196     -0.041968074571      3.774989926728
    6     -0.212995953112     -0.111761915860      5.414725696869
    6     -0.135948296093      7.815655519561      5.676675396058
    6     -0.130782329547     -0.039565550860      9.706294510405
    6     -0.088723266958      7.789200161050      0.415663124139
    6     -0.190143092377     -0.055543136387      2.604739200274
    6      8.712953571034      0.512436737893      1.574397458563
    6      6.578069298465     -0.581913710410      1.579424027868
    6      0.849759519484     -0.698091691597      7.601233579319
    6      6.531460965270      8.322432152398      1.438632348440
    6      7.064881094896     -1.077798102411      4.497944086133
    6      8.261876675046      0.995899797574      4.489039501433
    6      8.085261275889      6.631547518774     -1.499825844698
    6     -0.773020808211      0.956575659778      4.711635012103
    6      8.691218137759      0.552792579826      0.182687610650
    6     -1.184330542430      7.235020008718      6.379317619342
    6      0.868981661791     -0.698303732067      8.994552490870
    6      6.578488735544      8.386063961893      2.829417801932
    6      7.041544221627     -1.062152367210      5.891817409701
    6      0.537896816441      8.811859207768     -0.290649721160
    6      8.117072163110      6.670958260089     -2.892019901862
    6     -0.777362820369      0.981250296443      3.320321042509
    6     -0.247561992456      3.931687988778      6.479925160055
    0    0
