   3   1   1 E -3.6073631491690E+03 DE-2.2E-08(  3)
 -0.789444272596E+01  0.766159227810E+01  0.617822451771E+01
  0.789421820761E+01 -0.766401895591E+01  0.618124710657E+01
  0.789191768757E+01  0.766193246956E+01 -0.618151021265E+01
    1
  0.100000000000E+01  0.000000000000E+00  0.000000000000E+00
  0.000000000000E+00  0.100000000000E+01  0.000000000000E+00
  0.000000000000E+00  0.000000000000E+00  0.100000000000E+01
  0.000000000000E+00  0.000000000000E+00  0.000000000000E+00
   74
  249      4.938700190132     -4.821501239202      6.126313738527
  249     -4.943782666921      4.782330862277      6.120214838359
  249     -3.017632859325      4.840658269821      3.007985450429
  249      3.003177976667     10.456197363630      3.014337792900
    8     11.123715401577      1.467971502651      0.107738527044
    8     -3.228443914537      6.147938740613      6.285144239152
    8      3.288018199708     -1.342812016525      9.175394172059
    8      4.597357601588      8.975743191041      2.981606299801
    8      6.450833309202     -3.259311263544      6.111410444477
    8      1.454090659078     10.864502189648     -0.094019802606
    8      9.514692429338      4.495620965234     -2.980731476554
    8     -1.602082925415      3.162843040425      3.174906036896
    8      1.881575876499      9.326922431993      4.472714424454
    8     -1.887306955236      5.964968040539      4.465578809304
    8     -6.022022159046      5.983043275958      4.730551599657
    8      6.003491020683      9.296631140108      4.730249729914
    8     -1.855441626315      5.903555815388      1.580674917618
    8      1.802890808430      9.405260782743      1.605796257822
    8      9.723821767007      5.884907218822     -4.762191025927
    8     -1.835664432532      1.741415096496      1.422760569990
    8      4.097656577533     -3.740929714803      4.471176051841
    8      3.804864760226     11.368205931458     -1.712769521435
    8      3.798105696360     -3.715220188707      7.559092727503
    8     -3.812814304168      3.671282305788      7.554856309671
    8      1.280280193201      4.736777190474      4.205563458804
    1      3.553040148373     -2.997760895683      4.783258340489
    1      4.355396558339     10.631400447018     -1.396323416858
    1     10.951157125718      3.401970749143      1.699164751630
    1     -3.065721532688      4.206975325973      7.872599582886
    1     -0.006960879605      7.653285573795      4.602612473788
    1     -0.012578179422     -0.025651454446     10.794514445828
    1      0.002039748956      7.632806710383      1.509134364087
    1      0.008234323710     -0.008206732040      1.530510283456
    1      9.810016152327      0.943027924216      2.121492467480
    1      5.992370674738     -1.012189740001      2.122102246447
    1      1.953579977922     -0.920682049299      7.111661182167
    1      5.959597720353      8.589586628626      0.920093012941
    1      6.868884697167     -1.921908950797      4.004198158441
    1      8.930549068471      1.856084381401      4.000819399160
    1      8.984192129781      5.813486920145     -0.948403441675
    1     -1.057425045923      1.863982912065      5.224064523242
    6     10.034208479062      1.280320791292     -0.521089922412
    6     -2.140434737612      6.339469072631      5.654973535380
    6      2.164457567958     -1.238129101910      9.752827136651
    6      5.717595573766      8.866715056506      3.565183934986
    6      6.544952879486     -2.114708033374      6.647141948607
    6      1.338988866735      9.732801378242      0.464134661871
    6      9.315973004010      5.592058883022     -3.593521615256
    6     -1.408497596274      2.055762532741      2.578190706600
    6      7.900877467535     -0.033817891841      2.317946816476
    6      0.011934754530      0.004675134194      6.903524210269
    6      7.901499008581     -0.033869294311      3.798001976854
    6      0.017834303937      0.008083606657      5.423954039459
    6     -0.001275023485      7.642086946486      5.683309610400
    6     -0.005563330338     -0.016964649937      9.714025712480
    6      0.003001803334      7.634910938246      0.428634688225
    6      0.013137025515     -0.002532568079      2.611514722331
    6      8.955619681302      0.532113097648      1.599245727862
    6      6.844003434698     -0.596013438537      1.599448117424
    6      1.084817018610     -0.526431759857      7.623168103146
    6      6.822310133153      8.187809392695      1.436171500619
    6      7.314043723056     -1.078281548288      4.516491322246
    6      8.486154562189      1.013146200284      4.514770904718
    6      8.527737140245      6.642940531390     -1.473302932721
    6     -0.600359321310      1.031982213122      4.703566959601
    6      8.939818846937      0.572803943488      0.206365937804
    6     -1.042061567486      7.038690688742      6.384186564244
    6      1.062792452717     -0.565625018591      9.015243455510
    6      6.826887811895      8.204951588400      2.828814835835
    6      7.281520722313     -1.057542610660      5.908302430231
    6      0.619217613986      8.662675698799     -0.274032461238
    6      8.560521632093      6.653469276509     -2.866206703011
    6     -0.638455804513      1.009539887765      3.310758769570
    6      0.941531050346      5.084259218757      3.175534124697
    0    0
