   3   1   1 E -3.7262382994111E+03 DE-1.1E-07(  5)
 -0.780870696072E+01  0.773740674229E+01  0.617239120436E+01
  0.781250857147E+01 -0.774714323187E+01  0.618673180225E+01
  0.782075981389E+01  0.775962535599E+01 -0.617915394985E+01
    1
  0.100000000000E+01  0.000000000000E+00  0.000000000000E+00
  0.000000000000E+00  0.100000000000E+01  0.000000000000E+00
  0.000000000000E+00  0.000000000000E+00  0.100000000000E+01
  0.000000000000E+00  0.000000000000E+00  0.000000000000E+00
   84
  249      4.958492746477     -4.979392980643      6.311367108855
  249     -4.860582083834      4.682804203996      6.305146422441
  249     -2.891323663322      4.745096833990      3.205699429668
  249      3.015057086952     10.471214788052      3.211789721412
    8     11.068615868688      1.416601977648      0.301752956818
    8     -3.141197697934      6.060455881664      6.499196997517
    8      3.331321595462     -1.508801767723      9.341938373040
    8      4.600823642160      8.979232243345      3.190526076017
    8      6.490758425182     -3.427828027895      6.284366102576
    8      1.484217438159     10.840358654158      0.078826300455
    8      9.437800912125      4.423072027204     -2.804313179136
    8     -1.525869833687      3.031214337274      3.396359095933
    8      1.894015491042      9.344836258483      4.673276688129
    8     -1.796713044879      5.877752653092      4.680707749655
    8     -5.897535442555      5.894100581837      4.892379819217
    8      6.035605098910      9.307645739253      4.914306894694
    8     -1.648961823140      5.769999663341      1.808311330114
    8      1.818436420132      9.412074183021      1.808121223130
    8      9.613733804010      5.799837662215     -4.597039281685
    8     -1.759118078639      1.657253800328      1.605944621222
    8      4.104373592823     -3.908915367234      4.665027274508
    8     -3.993261548573      3.624608958488      4.652162415019
    8      3.843160645984     -3.849239282698      7.741840004566
    8     -3.729417966696      3.575955015549      7.741962508150
    1      3.587623182167     -3.138333020357      4.960548787357
    1      4.363263194940     10.632857593879     -1.219438727089
    1     10.900502355681      3.392780277158      1.871336119528
    1     -2.975000977221      4.106252289003      8.050188961958
    1      0.039763248508      7.624956390480      4.804240870016
    1      0.068939999045     -0.143461459949     10.974838166508
    1      0.090212835441      7.587517232224      1.707113448256
    1     -0.000094855845     -0.163623593798      1.712767780710
    1      9.791152120394      0.852082079920      2.315154126450
    1      6.040312287081     -1.220199377624      2.344765116180
    1      1.941470141144     -1.152306991406      7.269000146874
    1      5.922416107880      8.541133227620      1.120958098514
    1      6.996560726246     -2.126672144375      4.214323023433
    1      8.879738403807      1.739292791656      4.198267876355
    1      8.896759238511      5.717149616357     -0.782661814954
    1     -1.033995519379      1.689992911653      5.423018084086
    1      4.698961393894     -1.555825366196      4.069195153209
    1      3.821682792825     -0.137131788345      2.241605506237
    1      2.622144124521      1.964613909139      2.784186437124
    1      2.309113668023      2.637385216798      5.141650146944
    1      3.198471709364      1.212233911653      6.967286823715
    1      4.385342016907     -0.875190653626      6.437422485102
    6      9.978240917718      1.214983464825     -0.321614046153
    6     -2.052097241607      6.254422206443      5.867921658058
    6      2.205998906557     -1.410177113311      9.919943586938
    6      5.727217186102      8.862041147295      3.760318306527
    6      6.628638932755     -2.303640513821      6.851625384470
    6      1.371386591302      9.716556160868      0.653801117874
    6      9.220308363545      5.513445285452     -3.420139896948
    6     -1.352935025330      1.930690971177      2.779728654685
    6      7.917594547631     -0.187266011665      2.524591459714
    6      0.021127777329     -0.185542543956      7.083491510116
    6      7.934500096201     -0.194352723550      4.003509159099
    6      0.007411918567     -0.185762262012      5.604970454839
    6      0.058695843292      7.602211810742      5.884872564507
    6      0.055458974705     -0.156366624156      9.894366511269
    6      0.104250753709      7.574128210352      0.626728308227
    6     -0.000814391147     -0.171375733301      2.793614051099
    6      8.943264001968      0.419934161929      1.799562813442
    6      6.867259731088     -0.771066864907      1.813852637844
    6      1.094271238675     -0.731893038791      7.793110188273
    6      6.785089843102      8.128848474486      1.628621848281
    6      7.399783918790     -1.262590875974      4.725224296537
    6      8.471696103066      0.880270047413      4.715659594069
    6      8.432904637349      6.546577901187     -1.298903028661
    6     -0.595599990906      0.852913947656      4.894973686225
    6      8.907242615183      0.475723179991      0.407859273934
    6     -0.956434597350      6.963453139443      6.592505316380
    6      1.099922544461     -0.739225351947      9.186255814310
    6      6.814139728145      8.169229520158      3.020333486070
    6      7.352674707995     -1.234191432617      6.117113672801
    6      0.684384243188      8.621106844437     -0.079203322978
    6      8.460772497545      6.567438311696     -2.690676706876
    6     -0.631433623130      0.846904541706      3.502325460528
    6      4.176168065684     -0.636392843753      4.300720859877
    6      3.689024283763      0.165539507443      3.273127416871
    6      3.015856045800      1.343689373541      3.580105428884
    6      2.838022494879      1.720765914685      4.907338105079
    6      3.334144359629      0.921574764528      5.932708822313
    6      4.001091209719     -0.261495498326      5.631162767883
    0    0
