   3   1   1 E -3.8933674592633E+03 DE 1.9E-08( 16)
 -0.792680041837E+01  0.766027932541E+01  0.617313614496E+01
  0.793002732341E+01 -0.766324976387E+01  0.618101020562E+01
  0.789513741314E+01  0.763299978269E+01 -0.617713072484E+01
    1
  0.100000000000E+01  0.000000000000E+00  0.000000000000E+00
  0.000000000000E+00  0.100000000000E+01  0.000000000000E+00
  0.000000000000E+00  0.000000000000E+00  0.100000000000E+01
  0.000000000000E+00  0.000000000000E+00  0.000000000000E+00
   75
  249      4.905386548125     -4.710951764121      6.307207618538
  249     -4.918865782259      5.013883398822      6.306810453150
  249     -2.981909238282      4.951521111727      3.192712583406
  249      2.946950646733     10.664006493775      3.211877541269
   16      3.821333835939     -0.144997915279      5.250863118049
    8     11.226495114178      1.414758034152      0.135420448790
    8     -3.316529939353      6.492470248277      6.343989988171
    8      3.207434152909     -1.363324053927      9.161007506266
    8      4.670711584919      9.315113089114      3.037499988241
    8      6.366950196973     -3.078008319616      6.181049874963
    8      1.605104165063     10.935451239120     -0.070377943209
    8      9.341107222642      4.547220198254     -2.956869857288
    8     -1.478645509526      3.372973982752      3.236510919679
    8      1.885114202083      9.395967682786      4.565615612477
    8     -1.934643861065      6.186675844297      4.573435474135
    8     -6.028795424056      6.130313554846      4.827372820863
    8      6.013956607139      9.465445012132      4.856013923662
    8     -1.880315041262      6.058681878003      1.694857708506
    8      1.848156581057      9.551495647187      1.712518016226
    8      9.664424954559      6.017516388848     -4.652691274256
    8     -1.830947996597      1.906515264452      1.542089660983
    8      3.746759077099     -3.605469717417      4.921807856753
    8     -3.816028190969      3.892909617164      4.859975270130
    8     11.724388567525      3.773451975378      1.788607917448
    8     -3.845538396275      4.146035930290      7.943715817041
    1      3.950207031962     -2.654375219645      4.819687282169
    1      3.544935210248     10.773044803558     -1.623575893443
    1     10.950646730538      4.272491171525      1.476286090539
    1     -3.082258942706      3.628650989047      7.635477665130
    1     -0.028385842603      7.797101090770      4.702845007499
    1      0.013288768384      0.165917908058     10.888093977568
    1      0.039871794450      7.768586248418      1.613568203123
    1     -0.018434133618      0.159244230656      1.626572178398
    1      9.909300307783      0.975678079409      2.200150445684
    1      6.007659424406     -0.844333261780      2.232259108771
    1      1.809627804289     -0.943170992884      7.172605609368
    1      5.943509782860      8.743015128990      1.033142940691
    1      6.908792584119     -1.799488247375      4.115725859361
    1      9.034062618929      1.930664892582      4.079984178078
    1      8.819901793542      5.826752079254     -0.881238245037
    1     -1.078319864683      2.002822651135      5.328136696611
    1      5.103811500355      0.188755634522      4.937968715057
    1      4.134799770229     -0.332127175753      6.565804012581
    6     10.103993852227      1.306747866711     -0.443806894478
    6     -2.200422381125      6.594030905826      5.752492220581
    6      2.127986219980     -1.171940442826      9.811596904030
    6      5.753398832306      9.096635536932      3.668172050508
    6      6.537267980653     -1.960369026216      6.750730853549
    6      1.432565295401      9.836457428040      0.546426441204
    6      9.198948941548      5.675504958127     -3.515400901003
    6     -1.366938397011      2.238873657629      2.680405534156
    6      7.961208975091      0.065797123464      2.418241005651
    6     -0.067168921390      0.091857850231      6.994701854723
    6      7.980265447464      0.060565738349      3.898965019579
    6     -0.077824533369      0.094908179893      5.515929791110
    6     -0.010575450021      7.775627791708      5.782958010582
    6     -0.010519441881      0.140505558465      9.807577416367
    6      0.048455555576      7.751622877603      0.532587062976
    6     -0.037714029093      0.138953807986      2.706836578715
    6      9.032545096884      0.593315814417      1.693067893816
    6      6.866976109343     -0.440178388516      1.711096015003
    6      0.986519038183     -0.486090936797      7.703748781803
    6      6.796824418830      8.318415813869      1.545853667500
    6      7.375504378273     -0.966871832365      4.626243528634
    6      8.589298872413      1.098183183013      4.610057107014
    6      8.391477940664      6.682559226974     -1.386606719917
    6     -0.640948040147      1.159824641942      4.807921030385
    6      8.999744373504      0.642705647079      0.301509705020
    6     -1.071406863072      7.222517111360      6.490386013460
    6      1.011325649980     -0.484692939834      9.096556297460
    6      6.833263066666      8.369471977672      2.937624832995
    6      7.335540456545     -0.932246843189      6.021100274389
    6      0.694367887103      8.759168287324     -0.178446447110
    6      8.449072746479      6.724403468282     -2.777659565389
    6     -0.654249534957      1.162512204229      3.416396251946
    0    0
