   3   1   1 E -3.6097938684115E+03 DE 8.5E-09(  9)
 -0.782487182751E+01  0.771176766746E+01  0.618309499328E+01
  0.781737455699E+01 -0.771800955214E+01  0.618093203407E+01
  0.785661345675E+01  0.774554129780E+01 -0.619062398005E+01
    1
  0.100000000000E+01  0.000000000000E+00  0.000000000000E+00
  0.000000000000E+00  0.100000000000E+01  0.000000000000E+00
  0.000000000000E+00  0.000000000000E+00  0.100000000000E+01
  0.000000000000E+00  0.000000000000E+00  0.000000000000E+00
   78
  249      4.885223040092     -4.593934809491      6.440983703301
  249     -4.832752283792      5.104684052882      6.431742980024
  249     -2.857230746969      5.081291069570      3.344413730403
  249      2.951648748366     10.880767463769      3.384851563668
    8     11.193080258902      1.605523303107      0.271922870926
    8     -3.171399233989      6.540381212314      6.557517369986
    8      3.248613644043     -1.267834903920      9.362044118823
    8      4.713917801049      9.584274840607      3.149806487725
    8      6.297398147243     -2.925503930317      6.312961321866
    8      1.665505232176     11.141892311143      0.073752737780
    8      9.231829176575      4.714106723458     -2.848377646779
    8     -1.358736068245      3.505484157356      3.374117344513
    8      1.928379289782      9.576073013215      4.721453052861
    8     -1.810302464124      6.275703332052      4.763570674872
    8     -5.921892136962      6.273447396058      4.992272426718
    8      6.055761585404      9.752257733897      4.969888270622
    8     -1.751207357538      6.211334452100      1.885199666593
    8      1.901223794574      9.772348602003      1.868338908184
    8      9.676837293002      6.203769034685     -4.501881842095
    8     -1.718320836717      2.058597495270      1.664585004016
    8      3.674871789158     -3.527346779924      5.077380137112
    8     -3.709680929775      3.999972862331      5.000718964278
    8     11.676633718989      3.970070872607      1.933737691449
    8     -3.806903638287      4.311919107702      8.144451100518
    8      4.296283965811     -1.234453829091      3.788083906045
    1      3.979997153554     -2.628404490753      4.798380585945
    1      3.624793977354     10.990049425746     -1.511015780442
    1     10.912132564980      4.483080227500      1.619750770464
    1     -2.978690511786      3.860558097510      7.909747445805
    1      0.074043721339      7.928432180432      4.874594630290
    1      0.051956819319      0.291206535317     11.033839688349
    1      0.073530818567      7.991596552513      1.772732796244
    1      0.013716703689      0.236807713409      1.767165284085
    1      9.899153988759      1.145626689171      2.347958834880
    1      6.095912580713     -0.841061910043      2.419501040810
    1      1.928174973505     -0.769150379232      7.339971147621
    1      6.021455176085      9.037163779230      1.141984462865
    1      6.871448628551     -1.658918894134      4.284306841255
    1      9.040436181493      2.044747467638      4.235532140214
    1      8.873974403788      6.075659565426     -0.735210307963
    1     -0.935058215166      2.167676648287      5.453516761282
    1      4.752160688903      0.721688365040      3.201234941781
    1      4.091232642042      0.501820514313      4.840056295781
    1      3.012563507913      0.384641563582      3.422039587959
    1      4.161328664148     -1.620093676620      2.898979332521
    6     10.070802028474      1.454787544973     -0.295780970207
    6     -2.063100081045      6.668830907516      5.947435169546
    6      2.160787403678     -1.066269075083      9.985656628746
    6      5.796368980381      9.375331734201      3.784358508032
    6      6.496674605128     -1.822428065093      6.907925355564
    6      1.490422128183     10.044634376961      0.697753143204
    6      9.166561816541      5.859458970789     -3.381344694410
    6     -1.257397408500      2.375027895869      2.808035376456
    6      7.987733797965      0.161667761169      2.581508969432
    6      0.046277433262      0.259625900308      7.139698757925
    6      7.981431020820      0.177786158390      4.061558314034
    6      0.040077185850      0.249529230705      5.659173374522
    6      0.099806058551      7.905811852731      5.954493401246
    6      0.050980734942      0.282227469563      9.952928581593
    6      0.099425736151      7.963769816573      0.692233078385
    6      0.020593586552      0.239848236852      2.847878074929
    6      9.035985249115      0.722701800547      1.849800539535
    6      6.917558730418     -0.396309303188      1.878908990083
    6      1.088300058407     -0.326613598463      7.860362275746
    6      6.864012745773      8.603581823894      1.665263582480
    6      7.347284200049     -0.831276971989      4.789810756326
    6      8.578596625091      1.222746016480      4.767588667954
    6      8.445648733890      6.928023394367     -1.247595622523
    6     -0.518582501424      1.310123660005      4.940434407808
    6      8.993973357423      0.758100482644      0.457764984005
    6     -0.936494146393      7.317988867137      6.670566312188
    6      1.077809809669     -0.346815441535      9.254482458781
    6      6.878725661466      8.646662502353      3.058079603295
    6      7.281016729193     -0.781422064623      6.180498902607
    6      0.761926362841      8.960417170811     -0.020015119019
    6      8.463799746950      6.939483263390     -2.640883680515
    6     -0.557640486131      1.290601866811      3.548637915925
    6      4.016001822152      0.177523814958      3.801230318569
    0    0
