   3   1   1 E -3.8933692762315E+03 DE-8.5E-08(  3)
 -0.768348285425E+01  0.787485909351E+01  0.617421697427E+01
  0.768940231462E+01 -0.787333172571E+01  0.618092600577E+01
  0.768055275600E+01  0.787062753586E+01 -0.617283357031E+01
    1
  0.100000000000E+01  0.000000000000E+00  0.000000000000E+00
  0.000000000000E+00  0.100000000000E+01  0.000000000000E+00
  0.000000000000E+00  0.000000000000E+00  0.100000000000E+01
  0.000000000000E+00  0.000000000000E+00  0.000000000000E+00
   75
  249      4.904987041356     -4.936730062207      6.185981056122
  249     -4.713745195319      4.933444174785      6.199293933346
  249     -2.731982073070      4.878930558574      3.113514566610
  249      2.931155015024     10.865442056150      3.105868729007
   16     -0.228461402931      4.048906913371      7.292748805908
    8     11.001180421131      1.440949313099      0.052346230171
    8     -3.181155379027      6.489350202305      6.186243076313
    8      3.259128730216     -1.603124658597      9.099843974472
    8      4.584939485028      9.440311941691      2.974506703346
    8      6.273406869736     -3.223401427533      6.017014534261
    8      1.610394474921     11.085905738449     -0.151483958126
    8      9.095972347818      4.556033005669     -3.053347854656
    8     -1.264760921896      3.259389141249      3.180675337561
    8      1.866747840188      9.673952221013      4.520553745560
    8     -1.676302243153      6.066437279309      4.543096307200
    8     -5.816561736442      6.029104706900      4.700692539255
    8     -1.673318139340      1.801038478814     10.899066138362
    8     -1.583649871360      5.984370576569      1.662309177599
    8      1.817234755298      9.727417147739      1.650881094536
    8      9.391150617870      5.985736735777     -4.788225231271
    8     -1.594062360255      1.873719370697      1.416299297662
    8      3.784470432031     -3.805388331446      4.763020512496
    8     -3.609619295865      3.820046932007      4.751488447126
    8     11.514382853699      3.788826038180      1.666951541955
    8     -3.654698110740      4.164146444682      7.882662494622
    1      4.308524282588     -3.049801632656      4.445494319169
    1      3.540692935485     10.934752087964     -1.726274541466
    1     10.773659656463      4.334624875116      1.351456880694
    1     -2.735755209405      3.884108775628      7.692973954127
    1      0.074880766111      7.905161810343      4.615004266949
    1      0.100529697778     -0.025442354246     10.785892760120
    1      0.117369048350      7.852551882873      1.524377049469
    1      0.069100129270     -0.008116178453      1.524499468491
    1      9.652182277057      1.023332406427      2.134313387999
    1      5.829033979467     -0.952553622494      2.123660528637
    1      1.893531351756     -1.131916205413      7.066600090046
    1      5.825824978044      8.832277317037      0.944030824783
    1      6.755843453490     -1.880377069082      3.999913616459
    1      8.750185880887      1.917224573753      4.014715320966
    1      8.643717071410      5.862178724343     -0.984182672045
    1     -0.969026478204      1.837228142857      5.231727994897
    1     -0.380154884348      4.310375554163      5.962684048406
    1      0.096536628595      2.743083611968      7.085207601873
    6      9.870562513180      1.336418816018     -0.511130150419
    6     -2.037391104202      6.584373147347      5.654853703092
    6      2.158544365816     -1.430775276770      9.715220610544
    6      5.685346113298      9.237513603511      3.573253855910
    6      6.472171784321     -2.138803935040      6.650008906590
    6      1.421423619157      9.993962966049      0.472604205438
    6      8.966369643904      5.678823327175     -3.626559507651
    6     -1.170984283547      2.141417531189      2.587035799992
    6      7.739908884904      0.036210886144      2.333033236658
    6      0.012615043597     -0.094538268157      6.893431040018
    6      7.748807314422      0.021597236437      3.812762459880
    6      0.003733613676     -0.084938417505      5.413507913217
    6      0.067313948114      7.910255824874      5.695677050210
    6      0.073282008763     -0.048327700907      9.705422665723
    6      0.100437280608      7.864316289402      0.443626714788
    6      0.047360117076     -0.030386941261      2.604587879745
    6      8.799648755453      0.600271406529      1.618255793679
    6      6.680793667840     -0.521608137565      1.612922873686
    6      1.063725620045     -0.685356096306      7.599656174827
    6      6.670047798086      8.384166301874      1.451221016186
    6      7.183612806994     -1.036919592012      4.526775331267
    6      8.333927110948      1.063652012958      4.534067956154
    6      8.236118680064      6.729492412169     -1.487739499555
    6     -0.533980923228      0.995057345170      4.708770644491
    6      8.788051329344      0.631994904544      0.226362023631
    6     -0.977966040610      7.318813593967      6.393780081851
    6      1.076406231233     -0.699910652043      8.992058912030
    6      6.721457976378      8.449812239704      2.843230395269
    6      7.171676806529     -1.039606920770      5.921139431815
    6      0.698013865203      8.909864355054     -0.254832211278
    6      8.279439948595      6.766754626358     -2.878947214943
    6     -0.528645225365      1.015082749237      3.316395854854
    0    0
