   3   1   1 E -3.6097941601543E+03 DE-1.0E-07(  3)
 -0.777309815941E+01  0.782783004760E+01  0.619224000233E+01
  0.776419923527E+01 -0.782083902518E+01  0.617339296362E+01
  0.774164389594E+01  0.778967021095E+01 -0.618452865701E+01
    1
  0.100000000000E+01  0.000000000000E+00  0.000000000000E+00
  0.000000000000E+00  0.100000000000E+01  0.000000000000E+00
  0.000000000000E+00  0.000000000000E+00  0.100000000000E+01
  0.000000000000E+00  0.000000000000E+00  0.000000000000E+00
   78
  249      5.056288358270     -4.887462528652      6.245740211473
  249     -4.648550841903      4.989010463969      6.307053649346
  249     -2.682171044217      4.915571204962      3.154369107082
  249      3.073852707418     10.806861806130      3.168491652758
    8     11.228169948826      1.398303559925      0.088434642669
    8     -3.100233625803      6.528756781856      6.257611851121
    8      3.365083591804     -1.561600673564      9.157406941542
    8      4.752178430998      9.405531758277      3.031664813525
    8      6.424357262690     -3.177110650633      6.079814142110
    8      1.807386095548     11.012726514862     -0.126585426639
    8      9.291945801392      4.519950122631     -3.002498520367
    8     -1.234414037218      3.267012700302      3.276351795204
    8      2.015124837568      9.580707899938      4.564601062746
    8     -1.632526838847      6.111783062598      4.578086412557
    8     -5.753058867649      6.043832927665      4.791831763854
    8      6.191386034805     -5.987789776889      4.786753916080
    8     -1.516833923138      6.004699689932      1.711187305007
    8      1.968757977888      9.673133878660      1.695789783141
    8      9.548911010178      5.961168807979     -4.735697815899
    8     -1.507577543954      1.894522219015      1.492100755788
    8      3.910819870524     -3.746500751767      4.851434920495
    8     -3.457325702867      3.884372558683      4.881044424335
    8     11.718621373794      3.747331720235      1.724351608484
    8     -3.606024204846      4.245201008561      8.001348423569
    8     -1.326613340321      3.662727798539      6.687807788117
    1      4.420718300484     -2.978496561508      4.540711364023
    1      3.828350365835     10.848236386881     -1.538956841200
    1     10.957748014362      4.263981787822      1.406987547096
    1     -2.698218755593      3.958334043756      7.733433680789
    1      0.174628110176      7.873228754986      4.671199598505
    1      0.210639991990      0.028803660401     10.863700760805
    1      0.236506255987      7.833984971591      1.571964421125
    1      0.152289713245      0.018520751344      1.601078209244
    1      9.894664314169      0.968856208993      2.163171355898
    1      6.040323001198     -0.950659547682      2.168288208930
    1      1.994028031650     -1.108346110666      7.147353187008
    1      6.029742858726      8.846531741316      1.006864182642
    1      6.932718376671     -1.866312569928      4.055793295534
    1      9.025288027157      1.879541068510      4.039851498184
    1      8.834825929317      5.818183102348     -0.924417994805
    1     -0.883274635294      1.837091488980      5.326895771134
    1      0.656759060908      3.079236902027      6.385854284718
    1      0.390404335914      4.457427518447      7.485604838150
    1      0.226283863784      4.683667478202      5.727202160329
    1     -1.796645785617      3.707651297617      5.828213275153
    6     10.099437569209      1.295617764557     -0.481184384490
    6     -1.960310039739      6.598955746896      5.713483061047
    6      2.273709418373     -1.376974298273      9.788652401462
    6      5.853154016514      9.206840061294      3.631355749235
    6      6.629567432180     -2.088263806773      6.700062029727
    6      1.593369818810      9.932006768251      0.509945212758
    6      9.140282975387      5.642383797699     -3.569689311624
    6     -1.106623408927      2.155744260524      2.671362932675
    6      7.968982885036      0.009082131299      2.370428274497
    6      0.126474354274     -0.051169552376      6.971117878103
    6      7.978404046105      0.006112561636      3.850982260367
    6      0.111515752384     -0.058448871999      5.491061203068
    6      0.180882698860      7.861712891761      5.751843609853
    6      0.186029371222      0.006012170325      9.783052035438
    6      0.230658855406      7.831252724847      0.491020078994
    6      0.134618627584     -0.003700344209      2.681153655162
    6      9.033397547965      0.559363522133      1.650751217690
    6      6.896036012830     -0.530046759585      1.655111544339
    6      1.170521691552     -0.648224472038      7.678456012094
    6      6.856599470899      8.370338074768      1.513573209926
    6      7.382062437579     -1.028554293156      4.573780365541
    6      8.584099235096      1.042214929941      4.565171344600
    6      8.411535934920      6.680455074583     -1.423879734529
    6     -0.445433859905      1.011315925895      4.787519955651
    6      9.011604073607      0.601001016263      0.259110365053
    6     -0.868728883838      7.282848659012      6.454099233162
    6      1.187034844695     -0.651434520684      9.071847020287
    6      6.900800544624      8.430671038975      2.904650110323
    6      7.359033608999     -1.013188996633      5.967660974598
    6      0.859720669519      8.852527848244     -0.215204549685
    6      8.443620423716      6.719119025911     -2.816084852262
    6     -0.450012058163      1.034994296151      3.396133169491
    6      0.070351308018      3.988379262056      6.553808238215
    0    0
