   3   1   1 E -3.8395423771150E+03 DE-1.1E-08(  3)
 -0.757630723185E+01  0.799607158669E+01  0.617128356441E+01
  0.758551037211E+01 -0.799712011185E+01  0.618548471849E+01
  0.754994152503E+01  0.797435823763E+01 -0.617271536952E+01
    1
  0.100000000000E+01  0.000000000000E+00  0.000000000000E+00
  0.000000000000E+00  0.100000000000E+01  0.000000000000E+00
  0.000000000000E+00  0.000000000000E+00  0.100000000000E+01
  0.000000000000E+00  0.000000000000E+00  0.000000000000E+00
   86
  249      4.903786661841     -5.020427574882      5.840763944819
  249     -4.773426860309      4.837873420521      5.833714788600
  249     -2.741555797200      4.887597833183      2.788363126950
  249      2.849405704060     10.897762243933      2.776109282943
    8     10.749459545609      1.575821049909     -0.124704149497
    8     -3.090707336739      6.232143276357      6.032842901386
    8      3.255906412779     -1.633998082212      8.917275920811
    8      4.417935396512      9.383586524565      2.766685099206
    8      6.374145129156     -3.404155567300      5.790904589126
    8      1.259651087020     11.257080360357     -0.327440520404
    8      9.120105793016      4.659939799991     -3.208603776453
    8     -1.387813172804      3.161781378847      2.985470381497
    8      1.768478378958      9.801261992328      4.279091606404
    8     -1.669110671121      6.029319326060      4.278152606110
    8     -5.793174336377      6.067654285578      4.438703932014
    8      5.901447418355      9.709697503365      4.451505087152
    8     -1.504674880199      5.931806751343      1.410024027969
    8      1.569391053213      9.854113999170      1.426833438050
    8      9.271091234639      5.974392866600     -5.048040058704
    8     -1.544721809944      1.866397891580      1.129447044481
    8      4.049739876992     -3.958385320064      4.175975944658
    8     -3.903489394096      3.761875863771      4.185043413306
    8      3.790194248224     -3.931413034403      7.291723787297
    8     -3.675042352194      3.643257571968      7.213265415968
    8      4.011737808414      1.478222966092      7.767194662165
    1      3.547954925138     -3.181165964655      4.476237491018
    1      4.141696582108     10.963313406759     -1.666527516285
    1     10.582314116107      3.510273677234      1.415760697092
    1     -2.785445477189      3.978763201861      7.407758053095
    1      0.042588308441      7.929231651495      4.374464952376
    1      0.069948530881     -0.110262971633     10.525519211976
    1     -0.014208370002      7.923882291333      1.284633337176
    1      0.097606259118     -0.066220243442      1.264116325197
    1      9.407226021494      1.075370712750      1.916097072408
    1      5.717578756842     -1.110447371272      1.885304487466
    1      1.926809528506     -1.175155349535      6.835473047089
    1      5.736867268286      8.931299774956      0.673897487493
    1      6.688127798611     -1.992295572520      3.761627440499
    1      8.430448434999      1.937521365735      3.801415046962
    1      8.579824923345      5.962450841901     -1.218468128913
    1     -0.921824197020      1.804035057122      4.972917688678
    1      3.317755758761      1.768041782294      5.886506748078
    1      2.300938464344      2.474180811077      9.452924900254
    1      0.235062553420      3.767457239193     10.053933274487
    1     -1.172017207918      4.691025805679      8.274141692998
    1     -0.594649291250      4.310559702730      5.869117585700
    1      1.425704928014      3.018222712881      5.300292189079
    6      9.647777413911      1.385223829495     -0.730846091836
    6     -2.000708193704      6.471026932932      5.426710589286
    6      2.133018693358     -1.484261541807      9.478012340408
    6      5.550118784904      9.245237747762      3.315582550188
    6      6.465497859985     -2.293837688074      6.405144479420
    6      1.147396004202     10.137228505650      0.258500600761
    6      8.912503692851      5.737458330250     -3.852631458967
    6     -1.192450387516      2.086256652825      2.330344466119
    6      7.559256774862     -0.015839521530      2.098033665685
    6      0.052603954491     -0.113872651458      6.636394114418
    6      7.553329801386     -0.024087055814      3.577939484219
    6      0.057008599983     -0.102130005703      5.158316772363
    6      0.024668276814      7.945133321225      5.455329084844
    6      0.064123805046     -0.112310823908      9.445059253918
    6     -0.014938037594      7.934441051654      0.204445906956
    6      0.085277411331     -0.075657972562      2.345090163400
    6      8.587615623617      0.605493530785      1.387109218919
    6      6.549660344589     -0.647888299456      1.371469940807
    6      1.090054510317     -0.718960375362      7.349027463858
    6      6.570188931938      8.465704279274      1.183785106536
    6      7.067044948091     -1.126455438548      4.284667074364
    6      8.053189272303      1.057319486884      4.306475200435
    6      8.173952253584      6.821602713319     -1.736515183250
    6     -0.500356099055      0.960391624058      4.444229256999
    6      8.589689342552      0.624887868151     -0.006044136280
    6     -0.984993862653      7.287595444317      6.150657412957
    6      1.078061179665     -0.745727894279      8.740404091835
    6      6.593637083112      8.493926989031      2.574451316356
    6      7.057089185116     -1.139974598200      5.677391618319
    6      0.499321339487      9.025287732244     -0.486568474072
    6      8.216404780433      6.842548109288     -3.128652842543
    6     -0.511954625116      0.967227669826      3.050046040816
    6      3.189604735365      1.918478035321      6.978729543212
    6      1.980182765253      2.675817820213      7.349391510708
    6      1.650629674730      2.886396890892      8.691277910301
    6      0.511088047334      3.603965910283      9.019604306326
    6     -0.296372420748      4.112168886919      8.002635640472
    6      0.023155721388      3.908802373046      6.662607433841
    6      1.164785846930      3.187844566746      6.339332582595
    0    0
