   3   1   1 E -3.7262384236350E+03 DE 2.1E-10(  7)
 -0.771499045708E+01  0.783086730242E+01  0.617265331179E+01
  0.772116637796E+01 -0.783486209200E+01  0.618570741911E+01
  0.772833282576E+01  0.784747517299E+01 -0.617781393521E+01
    1
  0.100000000000E+01  0.000000000000E+00  0.000000000000E+00
  0.000000000000E+00  0.100000000000E+01  0.000000000000E+00
  0.000000000000E+00  0.000000000000E+00  0.100000000000E+01
  0.000000000000E+00  0.000000000000E+00  0.000000000000E+00
   84
  249      4.977290763760     -4.858670326898      6.028641976736
  249     -4.666544495398      4.977308774099      6.024354811217
  249     -2.683855088767      4.939400179176      2.946297944086
  249      3.012670682979     10.876611154043      2.942023739271
    8     11.106077636620      1.509568484045     -0.101004918894
    8     -3.119216157198      6.513988723969      6.048623322666
    8      3.324932844897     -1.528590860670      8.941438611410
    8      4.701544426248      9.490560241609      2.782142221062
    8      6.350793661581     -3.134557607541      5.838312346601
    8      1.696416569164     11.115294939209     -0.318223277119
    8      9.235919090607      4.630619683548     -3.211232509403
    8     -1.194855065071      3.347457397608      2.992749950074
    8      1.957763837627      9.677376784770      4.347013467892
    8     -1.657487028237      6.174531091581      4.349361079431
    8     -5.776245020809      6.071904074732      4.541430009462
    8      6.082439244976      9.665073752672      4.571968005225
    8     -1.561001610015      6.044370678188      1.470761286677
    8      1.890403175895      9.749182397805      1.481924889227
    8      9.564149394046      6.060927246253     -4.938735365917
    8     -1.530468780883      1.935990560118      1.250657990162
    8      3.866707648779     -3.726903444168      4.595505411122
    8     -3.536256958388      3.861686482800      4.595238965255
    8      3.917984530376     -3.996840477738      7.683717569926
    8     -3.597578650637      4.132642582242      7.676109560841
    1      4.397036562949     -2.973213531383      4.285351038960
    1      3.674472823818     10.946302306484     -1.892572329646
    1     10.895064411119      4.386688595263      1.198548274727
    1     -2.820684399908      3.621416888755      7.387649332873
    1      0.148488437957      7.929172403856      4.445390923101
    1      0.137594191921      0.010954823496     10.620631414064
    1      0.178651297604      7.887356072632      1.348289065937
    1      0.160853368755      0.079088588516      1.359309913667
    1      9.749149159564      1.095413504315      1.969693560199
    1      5.887965863824     -0.797160986580      1.950173058931
    1      1.985623127231     -1.034406374795      6.911204948494
    1      5.993546797118      8.944973502947      0.758790955932
    1      6.798740136635     -1.755500969985      3.818405277885
    1      8.855536344297      2.003947302142      3.853226632672
    1      8.799154162114      5.953608489845     -1.143186848892
    1     -0.835255419581      1.959979712117      5.064581103541
    1      7.821479506873     -3.941626970209      3.892977571809
    1     -1.220818616968      4.776109622203      8.174768852695
    1     -0.466257526694      4.406036049059      5.837345717204
    1      1.603786683689      3.147215876729      5.402111020387
    1      2.937592383744      2.252328359191      7.291984008261
    1      2.191655346444      2.626543567843      9.618633122143
    6      9.981408389949      1.396263773602     -0.673627229658
    6     -1.991968600236      6.648731648086      5.486862695973
    6      2.223169619830     -1.354151357700      9.555405614810
    6      5.791948768033      9.270183804114      3.396514967849
    6      6.538487219246     -2.044126085957      6.469187298334
    6      1.497649614104     10.023961516936      0.304383742571
    6      9.120905496465      5.756497788068     -3.782973655621
    6     -1.093708899717      2.223358966205      2.412926382266
    6      7.818273688739      0.144023723369      2.162786477046
    6      0.115960024792      0.018039240495      6.728831813919
    6      7.823545214266      0.126691164690      3.641717354968
    6      0.117093040373      0.032221541786      5.250361969122
    6      0.132012044528      7.947408696581      5.525681440275
    6      0.129796331168      0.010408963182      9.539779407322
    6      0.155372439249      7.907644551525      0.267724947481
    6      0.147546063755      0.065955269536      2.439753478527
    6      8.892500930352      0.683329525451      1.451540930693
    6      6.753054966983     -0.395013370187      1.440025557697
    6      1.150922136703     -0.591173694248      7.439053194442
    6      6.820217148762      8.476352266080      1.275255004321
    6      7.244185387559     -0.927300771050      4.350954931614
    6      8.426772605386      1.153813074105      4.367927118874
    6      8.393061129257      6.818881091997     -1.651388356746
    6     -0.421243203397      1.109391270871      4.540674564886
    6      8.888816296655      0.704890027642      0.059585212950
    6     -0.928517398875      7.381427729293      6.221233612500
    6      1.144059155807     -0.626981532362      8.831668387361
    6      6.841296279267      8.504579150069      2.666958538370
    6      7.241548204692     -0.944187239704      5.744788448557
    6      0.761928697418      8.951036637080     -0.426165104654
    6      8.434302244017      6.847485972484     -3.043030498344
    6     -0.428505596217      1.114501548868      3.147489001633
    6      0.440858036197      3.731902204243      9.047348813464
    6     -0.310043780363      4.223062232342      7.983752895697
    6      0.107380849796      4.016392646140      6.670320295742
    6      1.280559176729      3.310704899561      6.423068401644
    6      2.028923474560      2.810834902416      7.484566394960
    6      1.610671722721      3.022591639052      8.794252666674
    0    0
