   3   1   1 E -3.8933675912973E+03 DE-4.8E-08(  3)
 -0.777951094956E+01  0.778465265997E+01  0.618348797622E+01
  0.777980593635E+01 -0.777453413459E+01  0.617122182879E+01
  0.778050342450E+01  0.777552156618E+01 -0.617067897215E+01
    1
  0.100000000000E+01  0.000000000000E+00  0.000000000000E+00
  0.000000000000E+00  0.100000000000E+01  0.000000000000E+00
  0.000000000000E+00  0.000000000000E+00  0.100000000000E+01
  0.000000000000E+00  0.000000000000E+00  0.000000000000E+00
   75
  249      4.796131214791     -4.773395235952      6.220583305057
  249     -4.892293184835      4.996248292091      6.247988321895
  249     -2.920906097498      4.941880984649      3.153933210146
  249      2.833528171035     10.811061371167      3.171441127072
   16      3.960478310900     -0.222695796133      4.183239430544
    8     11.020517695729      1.474581860435      0.070638215430
    8     -3.288135113088      6.477334628093      6.309170040523
    8      3.138888430744     -1.465130269122      9.131734282156
    8      4.544375006827      9.445565218705      2.989917935695
    8      6.215071585270     -3.118818488866      6.097331909481
    8      1.512305959958     11.064923305942     -0.119605104938
    8      9.054892542431      4.556944407470     -3.023536385211
    8     -1.450419399812      3.333111340530      3.189970941749
    8      1.789520039012      9.556792935194      4.538458596232
    8     -1.876166943695      6.142053185805      4.566719402593
    8     -5.984378197050      6.141209597423      4.781705425796
    8      5.928502601012      9.670356393830      4.770850550698
    8     -1.788447999554      6.054141604656      1.696891568220
    8      1.733013318123      9.703934825466      1.682896165864
    8      9.452235557582      6.038434031485     -4.694338117405
    8     -1.787277022266      1.917454305521      1.450227196827
    8      3.614284081251     -3.675067412827      4.833044710814
    8     -3.789059171307      3.874761112400      4.802480331842
    8     11.510552266539      3.826723673276      1.724952999817
    8     -3.832069343560      4.135715708425      7.893549411597
    1      3.918585697311     -2.769971769004      4.617332980783
    1      3.450204880088     10.906903028247     -1.685669661689
    1     10.743444953057      4.342754818621      1.423374416453
    1     -3.075420434334      3.606118981046      7.589274266297
    1     -0.042028241532      7.860360673945      4.669727661506
    1     -0.022484831053      0.132657358012     10.822878132586
    1     -0.016804748703      7.877894668996      1.575990257286
    1     -0.107801647185      0.058522685078      1.558775004854
    1      9.719347353440      1.006783801048      2.151331392129
    1      5.904818411738     -0.981979016536      2.195892734529
    1      1.774477037839     -1.013141775210      7.117089880749
    1      5.823611604083      8.881436267042      0.967271570793
    1      6.801075682061     -1.859922396018      4.075284692691
    1      8.821988534560      1.924747325792      4.028279993380
    1      8.605073313423      5.875675334575     -0.931826450323
    1     -1.044522899324      1.978405510623      5.253317028836
    1      3.073134160004      0.089350061997      5.168492820647
    1      3.003565269120     -0.177337624562      3.214784810260
    6      9.892958163667      1.336857272358     -0.491507660150
    6     -2.164629835074      6.578283444085      5.729429811500
    6      2.055000128704     -1.261784719300      9.764302870619
    6      5.641053223911      9.256071531045      3.604214907902
    6      6.414643900473     -2.021127283115      6.704662954106
    6      1.337454082058      9.968859388486      0.504976620763
    6      8.951516477358      5.691484986706     -3.571566868121
    6     -1.349280087601      2.211460132567      2.608318436886
    6      7.812228922833      0.016078681502      2.375934955150
    6     -0.091756083917      0.049207198173      6.931005406784
    6      7.824635764291      0.023369321037      3.855286295336
    6     -0.111546528275      0.037729117865      5.450868587793
    6     -0.020332222734      7.840301800795      5.749860328064
    6     -0.041879314150      0.108349799120      9.742337835503
    6      0.003936077633      7.852856144240      0.495476259668
    6     -0.113058733739      0.049928306510      2.639482092728
    6      8.859292267583      0.584452428514      1.647332861100
    6      6.740858297308     -0.538684139397      1.670860308680
    6      0.952063316027     -0.544452491720      7.643282768992
    6      6.668309644177      8.444284608937      1.483968658705
    6      7.238803332724     -1.011883145600      4.584453705562
    6      8.395042779090      1.084410703990      4.560856356054
    6      8.196236920985      6.739396316773     -1.440671122717
    6     -0.646009356331      1.114623575199      4.736510791521
    6      8.821001855745      0.628177673211      0.256189060970
    6     -1.055296265095      7.245676200000      6.461625217098
    6      0.966089720645     -0.543573320053      9.037271488374
    6      6.705204951570      8.504172142869      2.875228029449
    6      7.178305023999     -0.967501253812      5.976332874619
    6      0.630923623029      8.871614696713     -0.217237691143
    6      8.229872602300      6.763426364986     -2.834336283563
    6     -0.678245816402      1.105547706595      3.345168770963
    0    0
