 3  1  1 E -0.0E+0 DE 0.0E+0( 1) 
 -7.87089049367266291E+00 7.87089049367266291E+00 6.26315053875625871E+00 
 7.87089049367266291E+00 -7.87089049367266291E+00 6.26315053875625871E+00 
 7.87089049367266291E+00 7.87089049367266291E+00 -6.26315053875625871E+00 
  1 
 1.00000000000000000E+00 0.00000000000000000E+00 0.00000000000000000E+00 
 0.00000000000000000E+00 1.00000000000000000E+00 0.00000000000000000E+00 
 0.00000000000000000E+00 0.00000000000000000E+00 1.00000000000000000E+00 
 0.00000000000000000E+00 0.00000000000000000E+00 0.00000000000000000E+00 
       75 
249   4.8996266967475535   -4.9864337281254052   6.2579532984852753
249   -4.9900042535559024   4.9039346930539711   6.2613413327813161
249   -2.9750608526925326   4.9019598088803393   3.1293330669958572
249   2.8862952813535334   10.7610622041791704   3.1266754811647335
    8  11.1287413679219469  1.3879952733601044  0.0644952482153345 
    8  -3.2268552264394215  6.2814497960636873  6.4499146062121397 
    8   3.1779819885049592 -1.5649242976621696  9.2155771892045788 
    8   4.5628435456446121  9.2766031548024586  3.0615685451323404 
    8   6.2809182038869187 -3.2280378811949690  6.0659393490301783 
    8   1.3858273293124359 11.1306532898407156 -0.0722293943125276 
    8   9.2749929464225680  4.5690130563652991 -3.0689064001322754 
    8  -1.5694575047538615  3.1825580252116890  3.3025848538974039 
    8   1.7885204704757762  9.5954893224383362  4.6095648276857784 
    8  -1.9030241471347193  6.1524447942670886  4.5901548788469011 
    8  -6.0401036425113910  6.1401608614958727  4.7910451119898303 
    8   6.0365092128683004  9.6119725857380445  4.7764453390402766 
    8  -1.7200164577239407  5.9661850491184456  1.6631883732138382 
    8   1.7186743709021943  9.6615757248726482  1.6464704539068435 
    8   9.6073002991228549  6.0416075184597817 -4.7851514029558597 
    8  -1.7359898861287917  1.8339816656082810  1.4647208528243740 
    8   3.8049965892760054 -3.8622425629825936  4.7476960304314586 
    8   3.8554175420609575 11.6772814065687793 -1.5839902646421589 
    8  11.6746521292334045  3.8609851369508057  1.5769077149583053 
    8  -3.8664623960873810  3.8061668966019466  7.7687213576848544 
    8   1.1095481325486096  3.8704332972623776  6.6184384981209563 
    8   3.0194284387506722  2.6680531925738253  5.9522510238686088 
    1   4.3425337494307668 -3.0967876045619249  4.4792658515628068 
    1   4.4490737892140118 11.0078941356984554 -1.1998610594110746 
    1  11.0014541769804737  4.4520657279033067  1.1955097884180823 
    1  -3.0904502094452901  4.3320318242871210  8.0296238444357648 
    1  -0.0035121614656664  7.7965633737004261  4.7287470290021698 
    1  -0.0306029734499118 -0.0343962420686354 10.9219656341849571 
    1  -0.0831433545248275  7.8718333015586595  1.5251849493626461 
    1  -0.0348600628896000 -0.0233790894653049  1.5964081808517638 
    1   9.7795840271440539  0.9988820478289391  2.1645046928008194 
    1   5.9506069385231832 -1.0108236678056293  2.1915453025278886 
    1   1.8412785804905032 -1.0644698095012646  7.1942056210211298 
    1   5.8821076392874447  8.8141701209390817  0.9623737180306691 
    1   6.8697096204834143 -1.9262379617592789  4.0627598070630047 
    1   8.8698462580430260  1.9078544758989286  4.0894487991415538 
    1   8.8147484245521781  5.8893644259833238 -0.9702910775840214 
    1  -1.0761742659511659  1.8420445685776254  5.3246243529067447 
    6   9.9961463595667190  1.2743791702039013 -0.5032184076692356 
    6  -2.1517198194695055  6.4947557996160423  5.7970056702665609 
    6   2.0928679922228244 -1.3720166520353101  9.8565323522894150 
    6   5.6943479121832237  9.1584408898610850  3.6272841319765874 
    6   6.4944928786786589 -2.1534580906449721  6.7199798263932866 
    6   1.2702596405947650  9.9984665858001236  0.4951429479130365 
    6   9.1558759980713642  5.6999563868877594 -3.6350738167916719 
    6  -1.3769031433956891  2.0972852189424116  2.6621053947479161 
    6   7.8701705859717705 -0.0207529311877095  2.3828309837153014 
    6  -0.0750959641788075 -0.0690590357521067  7.0038317197677662 
    6   7.8556308829227497 -0.0048388285151932  3.8709134990672052 
    6  -0.0727403756939318 -0.0703456494744262  5.5150715025084391 
    6  -0.0015215335373147  7.8075407485117712  5.8171144320448196 
    6  -0.0445781223953302 -0.0452450031168728  9.8337320773930834 
    6  -0.0669302424647178  7.8709806423644189  0.4369043785335518 
    6  -0.0470001559212543 -0.0383440815967093  2.6845005126943371 
    6   8.9291174712920469  0.5473822784833136  1.6524393711076049 
    6   6.8139069843842002 -0.6050811777648000  1.6641738074296843 
    6   0.9875760442654564 -0.6403446636564349  7.7227888465655488 
    6   6.7448698405042826  8.3848804828333208  1.4723961653017215 
    6   7.2715097147996541 -1.0610951242634283  4.5899958336700539 
    6   8.4198998112048535  1.0565286381494623  4.6014086882126435 
    6   8.3838841842415022  6.7515459235422313 -1.4803041586246533 
    6  -0.6468618484089984  0.9907255376279426  4.7959503439487694 
    6   8.9126982595532489  0.5563466107843587  0.2507576976651156 
    6  -1.0465693082382628  7.2086972506691129  6.5270745167156354 
    6   0.9896659523822544 -0.6630447193419533  9.1237824608122953 
    6   6.7752666076234433  8.4301336331637664  2.8733338862668871 
    6   7.2089879283703748 -1.0476794500634004  5.9901362375158964 
    6   0.5541318579591836  8.9136558533680237 -0.2599138134832937 
    6   8.4285832619489174  6.7815650830426923 -2.8810258382043474 
    6  -0.6669455438623287  0.9943139760184833  3.3946731217472510 
    6   2.0651250154146186  3.2698512802540214  6.2843206062705317 
