   3   1   1 E -3.8933675305876E+03 DE 4.9E-08(  9)
 -0.766226051496E+01  0.791748096543E+01  0.617507218659E+01
  0.766506122865E+01 -0.792363975720E+01  0.618232636709E+01
  0.763239286460E+01  0.789260665256E+01 -0.618127306942E+01
    1
  0.100000000000E+01  0.000000000000E+00  0.000000000000E+00
  0.000000000000E+00  0.100000000000E+01  0.000000000000E+00
  0.000000000000E+00  0.000000000000E+00  0.100000000000E+01
  0.000000000000E+00  0.000000000000E+00  0.000000000000E+00
   75
  249      4.801805996336     -4.901214182407      6.098010062255
  249     -4.919990886817      4.914354206266      6.097026435419
  249     -2.926360566713      4.954859886474      3.030018100054
  249      2.791965399539     10.879850529840      3.007569335837
   16     -0.356116960996      3.829884826194      7.132010178462
    8     10.726093046777      1.618327006563      0.117959310090
    8     -3.291743010000      6.376575356117      6.221425035140
    8      3.162980571996     -1.463767046306      9.172243324699
    8      4.334026197443      9.348255170536      3.004029745606
    8      6.276613298277     -3.298210998510      6.061556096136
    8      1.201358749782     11.237941158065     -0.084289329743
    8      9.103134806976      4.682479275886     -2.994676630329
    8     -1.570833260230      3.223388488341      3.241694245631
    8      1.680903559476      9.782016629012      4.509787497912
    8     -1.819123649088      6.059215103239      4.525916117895
    8     -5.974731285351      6.101438380103      4.678417000772
    8      5.805823798275      9.669978306365      4.699317813554
    8     -1.703208832043      6.014286794958      1.643231153402
    8      1.515045414168      9.819218277420      1.657129918175
    8      9.262312354294      6.030201849738     -4.809016013005
    8     -1.746480105986      1.914158647526      1.396982828886
    8      3.931785042059     -3.826387944850      4.463543524775
    8     -4.075052116326      3.833480394417      4.438505651365
    8      3.676596479788     -3.802503067196      7.547915088333
    8     -3.816436789526      3.752104776968      7.482588946947
    1      3.409630438328     -3.067379375885      4.774449983015
    1      4.056464091236     10.952654570764     -1.429586795089
    1     10.559674120444      3.551535725757      1.674160082230
    1     -2.860757023663      3.939212907001      7.573111145523
    1     -0.104247036431      7.974959137869      4.607735065823
    1     -0.055129713815     -0.011920521310     10.776259685005
    1     -0.088468251381      7.913994360449      1.514880428939
    1     -0.042352055591      0.028838806482      1.515344665479
    1      9.379576718394      1.124617422242      2.148558107152
    1      5.647381046005     -0.998190188065      2.110401624671
    1      1.794165991477     -1.061917878211      7.075516404657
    1      5.614152506334      8.827846148107      0.925932994010
    1      6.599131699720     -1.900091523278      3.994316466529
    1      8.426832383206      1.998880786852      4.028893895133
    1      8.532607207475      5.954723689214     -0.988775529605
    1     -1.153558615126      1.823540533155      5.231608791826
    1     -0.048829845040      5.103647779255      7.504720557889
    1     -0.534578930314      4.195021901016      5.828540440783
    6      9.626537402580      1.448876892523     -0.499098460562
    6     -2.174140016754      6.547158736520      5.651218144297
    6      2.026603821361     -1.354964210175      9.724633715088
    6      5.462637458767      9.204906695428      3.562016063927
    6      6.373977368583     -2.179343114154      6.649124691777
    6      1.089358200457     10.114816512528      0.492783858428
    6      8.888781220541      5.767096098107     -3.623319581792
    6     -1.381841708233      2.142509052513      2.592265967371
    6      7.508291433833      0.072105799913      2.328672668460
    6     -0.116432568415     -0.066084983708      6.887608087985
    6      7.512429813266      0.052637901806      3.809534409147
    6     -0.119031188291     -0.054080025447      5.408826203360
    6     -0.122783779199      7.984847900440      5.688718315594
    6     -0.074238893886     -0.029392256711      9.695995871399
    6     -0.107701941114      7.931478523602      0.434771723766
    6     -0.067621437380      0.005086061838      2.595815728627
    6      8.546873941018      0.680439795649      1.618060277878
    6      6.480896166933     -0.532046229097      1.600579242818
    6      0.949428997065     -0.627851140991      7.595431874983
    6      6.469726285994      8.399403167678      1.431587693599
    6      7.004027418805     -1.041319559940      4.515872774854
    6      8.041220984614      1.123139478405      4.535346894920
    6      8.108045793249      6.808180464766     -1.501179870626
    6     -0.696085775929      1.000516527557      4.700193809134
    6      8.546648688074      0.713719236835      0.225462013758
    6     -1.145435181872      7.344509273490      6.380819418119
    6      0.951124459684     -0.642764578114      8.986840435973
    6      6.510743530930      8.455465968828      2.822680230858
    6      7.003926135024     -1.052396032611      5.909533462886
    6      0.423485734170      9.013656598733     -0.255492472186
    6      8.160977607583      6.846347102507     -2.892790526199
    6     -0.694055164361      1.026051032562      3.307214958079
    0    0
