   3   1   1 E -3.8933685619702E+03 DE 1.9E-08(  5)
 -0.789902899550E+01  0.768691031831E+01  0.617977508655E+01
  0.789734393906E+01 -0.768424509599E+01  0.617429034151E+01
  0.787126637445E+01  0.765697010819E+01 -0.617586784271E+01
    1
  0.100000000000E+01  0.000000000000E+00  0.000000000000E+00
  0.000000000000E+00  0.100000000000E+01  0.000000000000E+00
  0.000000000000E+00  0.000000000000E+00  0.100000000000E+01
  0.000000000000E+00  0.000000000000E+00  0.000000000000E+00
   75
  249      4.938025810480     -4.940086821373      6.337623476915
  249     -4.855912922731      4.790432997527      6.337146103320
  249     -2.922709258663      4.720881290273      3.253275920725
  249      2.971925759762     10.458422320936      3.232444389872
   16      3.785549698904      7.905004345263     -1.294027282062
    8     11.211420987029      1.236958499044      0.195703336289
    8     -3.289275621034      6.304880611950      6.347038815402
    8      3.251806479955     -1.610686379249      9.245951809814
    8      4.699666777953      9.101071226094      3.037407904337
    8      6.309235043665     -3.231923707142      6.143636284483
    8      1.555545673053     10.816995880944      0.039102392887
    8      9.356792097902      4.345021129571     -2.910557251122
    8     -1.388176354718      3.171796430373      3.258136226221
    8      1.913024144831      9.244052203805      4.621461155002
    8     -1.865871798902      5.982985466479      4.611843602292
    8     -5.992515297122      5.910955207850      4.887173853042
    8     -1.845889911196      1.626127612753     11.045350520767
    8     -1.820635720538      5.829180975381      1.758574969126
    8      1.880465600126      9.346694874134      1.735486722453
    8      1.850556851976     -1.842613956806      1.575337764731
    8     -1.723123343921      1.706892338543      1.558917422065
    8      3.836132966546     -3.815919139375      4.889788378029
    8     -3.694715296122      3.683974891798      4.950623265183
    8      3.872557644073     -4.077272575888      7.980294311596
    8     -3.779346444389      3.947742121357      7.999246133249
    1      4.376671792227     -3.068997931432      4.579477028565
    1      3.919870203092     10.407143906350     -1.371079456387
    1     10.978725555931      4.096985849287      1.500436902322
    1     -3.009933429640      3.442710385668      7.685169912646
    1      0.027723873096      7.607962686398      4.745469213540
    1      0.027611098893     -0.082326442399     10.921897442426
    1     -0.019749809768      7.619781411738      1.654435743576
    1      0.053744739536     -0.079919604282      1.659797381200
    1      9.822302333619      0.892987380369      2.269946337591
    1      5.929165604756     -0.942223403858      2.237599031661
    1      1.966884114124     -1.053124205764      7.238615593856
    1      6.064584218760      8.645231554525      1.036399006735
    1      6.805259202271     -1.888599263666      4.115607309861
    1      8.922797822951      1.844208139210      4.147243334458
    1      8.945992954949      5.703998400869     -0.818515397602
    1     -0.882082105699      1.882079107081      5.334544135644
    1      5.121955859431      7.702619640773     -1.115939024672
    1      3.515628564364      7.870663621595      0.041917978236
    6     10.089928259216      1.136721428106     -0.386368562632
    6     -2.164293183544      6.416000061649      5.772916337225
    6      2.167925745174     -1.398951221562      9.876030933941
    6      5.782781084703      8.910993138506      3.678868651801
    6      6.486077048105     -2.134346555875      6.762741123038
    6      1.393088181345      9.696352243697      0.608704470426
    6      9.252353844130      5.479502988950     -3.465876979153
    6     -1.255900321066      2.045291981778      2.695670307499
    6      7.872090730137     -0.021370748862      2.454079239807
    6      0.080896094367     -0.034801257636      7.029861134639
    6      7.855050984512     -0.017359926815      3.934089861228
    6      0.092147165732     -0.035822760190      5.550650172379
    6      0.012254811227      7.625159156219      5.825659437478
    6      0.042525911675     -0.067446559842      9.841096963901
    6     -0.030741733211      7.636503664603      0.573454529443
    6      0.067098141248     -0.065252025409      2.740228134867
    6      8.963295756345      0.491394523426      1.746836318908
    6      6.802348985801     -0.552758130155      1.729689863122
    6      1.116330378978     -0.626549756527      7.754358000648
    6      6.898628153154      8.200382030545      1.564223898473
    6      7.249594843163     -1.055453727966      4.645126227974
    6      8.459938362597      1.010867792287      4.659613080633
    6      8.519339490231      6.553508928916     -1.336787116112
    6     -0.465954650030      1.021239995931      4.826883669225
    6      8.969979512527      0.495644043013      0.353136335172
    6     -1.065616961739      7.087471661833      6.517935817706
    6      1.086883401558     -0.672288084742      9.146170494238
    6      6.888063672770      8.211471309838      2.957777574448
    6      7.219722456113     -1.055255401728      6.038262360905
    6      0.606410494348      8.660624279033     -0.120930986185
    6      8.541209094806      6.558430944553     -2.727904354429
    6     -0.518403144389      0.984996207483      3.434033772533
    0    0
