   3   1   1 E -3.6073668489332E+03 DE-1.1E-07(  3)
 -0.772650320047E+01  0.782477005773E+01  0.617956916655E+01
  0.772938940038E+01 -0.782747838808E+01  0.618535184434E+01
  0.772996104899E+01  0.783005930771E+01 -0.618269956624E+01
    1
  0.100000000000E+01  0.000000000000E+00  0.000000000000E+00
  0.000000000000E+00  0.100000000000E+01  0.000000000000E+00
  0.000000000000E+00  0.000000000000E+00  0.100000000000E+01
  0.000000000000E+00  0.000000000000E+00  0.000000000000E+00
   74
  249      4.849700160124     -4.904297890401      6.290859113132
  249     -4.800452706569      4.917952517684      6.284684955741
  249     -2.819149871649      4.870165804436      3.210841172633
  249      2.878429679896     10.802859941854      3.203639026435
    8     10.995827578713      1.431913597105      0.145049933721
    8     -3.234392229957      6.434636456627      6.311370372800
    8      3.197491265669     -1.590593427434      9.206215142888
    8      4.581645547032      9.427726104685      3.024106568117
    8      6.227027487203     -3.201624938169      6.110729463325
    8      1.565555547182     11.038752819042     -0.061901405047
    8      9.103537360248      4.552205041593     -2.952164808800
    8     -1.319983397210      3.286845956525      3.225246772497
    8      1.827120961673      9.599681985480      4.608911931992
    8     -1.784663095740      6.114815090683      4.596227380823
    8     -5.911959403076      6.029872685394      4.809006258700
    8      5.957467694644      9.621811445668      4.817347669325
    8     -1.698408926574      5.980170072863      1.734853610864
    8      1.772969379823      9.672283481029      1.736220617498
    8      9.431421945958      5.976970746879     -4.684932362944
    8     -1.682321554581      1.852730739672      1.506760921351
    8      3.735140080969     -3.775760991372      4.856638594907
    8     -3.625327803150      3.818415588007      4.890607092113
    8     11.517467168825      3.774586241484      1.765575164973
    8     -3.727760580260      4.092862703062      7.956151300291
    8      3.943450316053      7.282943386365     -2.116723587413
    1      4.270254426125     -3.028023952137      4.539305579166
    1      3.728488729362     10.783197159338     -1.532234691321
    1     10.762861581487      4.309512723814      1.465139246498
    1     -2.964572442525      3.574362041027      7.648415660134
    1      0.018214085795      7.852432326127      4.712228738549
    1      0.024259366844     -0.001345487834     10.878318102742
    1      0.036894143420      7.825306984712      1.612337009474
    1      0.010845140225     -0.000432784756      1.612742890475
    1      9.639285107404      1.038000656130      2.221320700470
    1      5.832985777391     -0.971932107282      2.216946132786
    1      1.880206799917     -1.067235551442      7.177545790483
    1      5.888071946888      8.895946637692      1.001106634939
    1      6.733408804429     -1.872084397454      4.094716325918
    1      8.762397753057      1.909281794900      4.107225976216
    1      8.685309416167      5.894048296378     -0.883681852649
    1     -0.918129152710      1.939088280150      5.301854024597
    6      9.867404737626      1.321762448666     -0.421516934483
    6     -2.106106906429      6.556970895601      5.747976140618
    6      2.102939932908     -1.394407681381      9.822426637614
    6      5.673442931021      9.223674903827      3.643276341295
    6      6.419240165065     -2.111996712677      6.739224074857
    6      1.374577843176      9.946644934201      0.559581490646
    6      8.990209908514      5.675538890809     -3.528385764417
    6     -1.224977215851      2.158744614122      2.656593286443
    6      7.739233587138      0.026663084768      2.423718928278
    6      0.018359279009     -0.001455655212      6.984370430273
    6      7.744048464577      0.020070078000      3.903416855692
    6      0.015332991848     -0.000891357350      5.504583202648
    6      0.016209785253      7.853183030537      5.792790285538
    6      0.022607049494     -0.001624452954      9.797279115090
    6      0.031185466897      7.831345696424      0.531367011099
    6      0.011627311071     -0.000917257042      2.693283897225
    6      8.794358318740      0.597238641924      1.707916635985
    6      6.683685507127     -0.540343755600      1.704935728000
    6      1.047877468855     -0.614538500910      7.701167623561
    6      6.721452491623      8.441515504073      1.521482818810
    6      7.165305091757     -1.029511159799      4.619327039688
    6      8.331366092027      1.062023578454      4.624127046458
    6      8.279171815464      6.756578441068     -1.396622432364
    6     -0.517986886026      1.074004631539      4.788311447445
    6      8.783036503342      0.622671496188      0.315990968716
    6     -1.027163010600      7.259785254785      6.492160550106
    6      1.035538159748     -0.647595600948      9.094228875864
    6      6.737737667428      8.474336177127      2.914439493388
    6      7.138800702289     -1.023964110976      6.012724984326
    6      0.644903093439      8.866899296426     -0.167942657786
    6      8.307185151470      6.771083453520     -2.789110560487
    6     -0.548838922959      1.059255320339      3.395241297096
    6      3.834061410647      8.403139952754     -1.960690756112
    0    0
