   3   1   1 E -3.6073599536108E+03 DE-1.0E-08(  3)
 -0.776088291690E+01  0.777724293775E+01  0.619194940205E+01
  0.773780640361E+01 -0.779961177605E+01  0.619092751496E+01
  0.778100688117E+01  0.781983115019E+01 -0.621986881007E+01
    1
  0.100000000000E+01  0.000000000000E+00  0.000000000000E+00
  0.000000000000E+00  0.100000000000E+01  0.000000000000E+00
  0.000000000000E+00  0.000000000000E+00  0.100000000000E+01
  0.000000000000E+00  0.000000000000E+00  0.000000000000E+00
   74
  249      4.835692244866     -4.816523685405      6.227527414254
  249     -4.868641681911      4.914480132880      6.226865986141
  249     -2.892862674232      4.949129492960      3.132704517661
  249      2.878775059545     10.771229367947      3.109258588759
    8     10.950603664556      1.600769507063      0.184912231435
    8     -3.254600695301      6.399209964999      6.262782909910
    8      3.236708603870     -1.382872200683      9.271110060781
    8      4.571065379013      9.382782203879      2.941701475716
    8      6.233947629641     -3.149637693758      6.053108177800
    8      1.431606593493     11.117325379456     -0.033930502307
    8      9.172083937803      4.600208465760     -3.046727259458
    8     -1.493449507333      3.262469534820      3.294437304161
    8      1.847295923946      9.566451655265      4.558099111789
    8     -1.785904458893      6.079740263119      4.564004136965
    8     -5.964274222200      6.030662511510      4.769290207194
    8      5.908275115089      9.558740722031      4.767608536374
    8     -1.711013019064      5.996624611866      1.675079848762
    8      1.746708236885      9.662334742776      1.677289916893
    8      9.545468748248      6.059394818374     -4.741694179165
    8     -1.673634635808      1.931700021449      1.464025982966
    8      3.799552036400     -3.756841356517      4.704318994213
    8      3.838024680245     11.640606350865     -1.582249242392
    8      3.766513271773     -3.814967213500      7.775204702053
    8     -3.779873250766      4.004054270324      7.824147792670
    8      3.894723237504     -0.204663397184      5.606494733213
    1      4.268422902583     -2.957569418582      4.413782697429
    1      4.334621616680     10.843129855332     -1.338752605410
    1     10.819636959417      3.457485482556      1.892919931716
    1     -2.969273918087      3.523322773227      7.593499155537
    1     -0.003182094479      7.866629020616      4.679164968058
    1     -0.006042809427      0.055741297410     10.859771365778
    1     -0.016158507678      7.856359542586      1.560693855322
    1     -0.009432875274      0.050609429377      1.589931362294
    1      9.603279519972      1.110908562840      2.202828960453
    1      5.810044220791     -0.905020458393      2.156836265538
    1      1.865654142788     -1.049529263189      7.180165020863
    1      5.888892278114      8.849793757659      0.934483195471
    1      6.722726476581     -1.804961283979      4.036944564724
    1      8.695758141810      2.011646634270      4.081296565513
    1      8.786347733571      5.934660666654     -0.957261787373
    1     -0.973696411168      1.929529234459      5.301222464502
    6      9.862161318685      1.415043059420     -0.445564357936
    6     -2.125791947205      6.537865897313      5.705794318016
    6      2.099968813944     -1.290726670264      9.826072977741
    6      5.654175556262      9.185993489621      3.577403777555
    6      6.414458614004     -2.060401625637      6.682113128838
    6      1.294382612019      9.991956922377      0.530964983443
    6      9.075113424856      5.735397092448     -3.602828963197
    6     -1.303173341092      2.179131318112      2.656401622824
    6      7.703639714381      0.112562974901      2.379002645173
    6     -0.001937816022      0.014268284919      6.964989060805
    6      7.700699942012      0.106177031284      3.858892376588
    6     -0.001417197530      0.015538286378      5.483980275777
    6     -0.019952015623      7.876476556595      5.759698943300
    6     -0.005143460598      0.045147720674      9.778970451105
    6     -0.022916830883      7.870566023828      0.480095097239
    6     -0.009328971070      0.040889246533      2.670746583021
    6      8.760626582761      0.687590050422      1.671523613169
    6      6.661987551225     -0.468372119073      1.651059227599
    6      1.037110677446     -0.575540654160      7.689698615139
    6      6.736196794957      8.427885756386      1.459175845545
    6      7.141321353152     -0.958994404583      4.566556729202
    6      8.269693453487      1.154450350533      4.587077829010
    6      8.347057559574      6.785313957096     -1.463131312076
    6     -0.567430631068      1.076432790645      4.773292646212
    6      8.766390319394      0.712871324831      0.278594354143
    6     -1.064261922384      7.271323231561      6.450933117699
    6      1.023390020654     -0.580088294215      9.082740039385
    6      6.744363501829      8.472642745599      2.852116847176
    6      7.116873159177     -0.963727423644      5.959983961716
    6      0.570591859343      8.921454217427     -0.211976825991
    6      8.370287314717      6.813989494847     -2.856179511749
    6     -0.605400261446      1.077625496325      3.380049402920
    6      4.059827746188      0.607563953154      6.389280837594
    0    0
