   3   1   1 E -3.8395549128977E+03 DE 1.2E-07( 23)
 -0.775177802193E+01  0.781240883876E+01  0.619495286362E+01
  0.773762640756E+01 -0.779779862895E+01  0.615962581493E+01
  0.774763000991E+01  0.779041925956E+01 -0.617765723422E+01
    1
  0.100000000000E+01  0.000000000000E+00  0.000000000000E+00
  0.000000000000E+00  0.100000000000E+01  0.000000000000E+00
  0.000000000000E+00  0.000000000000E+00  0.100000000000E+01
  0.000000000000E+00  0.000000000000E+00  0.000000000000E+00
   86
  249      4.628552807635     -4.562658618419      6.489198393307
  249     -5.030382675600      5.222602071579      6.528932475600
  249     -3.074988837066      5.172662104657      3.432518974595
  249      2.660378192818     11.081523531874      3.452547886408
    8     10.816546091074      1.696832178683      0.346448570295
    8     -3.452405734094      6.722985104464      6.546948342356
    8      2.972861808183     -1.225374892251      9.431096293327
    8      4.339252295240      9.667461436439      3.279987545262
    8      6.067517201345     -2.910254305229      6.391008869410
    8      1.307431349516     11.339223937825      0.172264659979
    8      8.902799897391      4.845283060987     -2.743696547805
    8     -1.557346237256      3.604528846884      3.461637662019
    8      1.606981418289      9.835993127110      4.833349947596
    8     -1.999031086065      6.343887617522      4.849389827827
    8     -6.139144222834      6.351594271809      5.063343413066
    8      5.743478447585      9.912561307348      5.045173005397
    8     -2.005991221595      6.322465566106      1.954661955124
    8      1.523097392475      9.978280303389      1.976074305524
    8      9.308956469427      6.305920918832     -4.429474529741
    8     -1.914688248227      2.167290168157      1.743468801267
    8      3.473173387534     -3.479112038008      5.096641689776
    8     -3.948281971891      4.087432956206      5.065478300425
    8     11.287941080083      4.060578317432      1.975658310670
    8     -3.959327102645      4.307286865769      8.127382748640
    8      3.994458943388     -0.891214928811      4.352858744765
    1      3.780400435027     -2.573863016038      4.868948654438
    1      3.236129412647     11.156293902835     -1.441747340122
    1     10.539751631061      4.589533615697      1.649266143526
    1     -3.260374755115      3.719714289714      7.793658575768
    1     -0.188509693202      8.089749589918      4.950804163948
    1     -0.202928280292      0.341652296311     11.104979787076
    1     -0.220504765944      8.142985408132      1.857351222129
    1     -0.160258830703      0.355562431024      1.844061987500
    1      9.473248544353      1.285077559800      2.437089973009
    1      5.668325015758     -0.731300293420      2.453624433496
    1      1.621655532174     -0.762971862002      7.401366931394
    1      5.641026048412      9.145471644621      1.237898731221
    1      6.540235419197     -1.591221052385      4.334742914536
    1      8.567672972268      2.191726578120      4.309066769988
    1      8.470611168171      6.164647427083     -0.655850856105
    1     -1.198140280908      2.225127987018      5.539131799341
    1      3.148224591592      0.474581435936      3.134421533337
    1      2.134617570541      2.482568903185      3.835460593642
    1      1.574870833090      4.155644196384      5.583748748062
    1     10.060779232106     -4.030850385622      1.720522091514
    1      3.618553639070      1.736682957190     -3.842669278707
    1      4.153008161747      0.087626318685      6.773205636206
    6      9.685692376360      1.577931950588     -0.213135257805
    6     -2.315001218785      6.809292182218      5.994441665593
    6      1.874395129329     -1.046670505328     10.048242613885
    6      5.444173686701      9.493005741875      3.882403832660
    6      6.197181723863     -1.788095055164      6.967433383985
    6      1.128531076042     10.244173764173      0.797995270757
    6      8.824048261635      5.981397167342     -3.295277170852
    6     -1.460831566447      2.475377735713      2.891281829103
    6      7.569478903438      0.281519629045      2.645577568136
    6     -0.242866815620      0.294630516503      7.213038979791
    6      7.567268889107      0.292664245533      4.125436362872
    6     -0.240936884205      0.297520931398      5.734494467726
    6     -0.185468977885      8.088077460154      6.031462198484
    6     -0.214721220924      0.326867261850     10.024213298897
    6     -0.206257711753      8.127452501778      0.776517532632
    6     -0.180912906215      0.340347920628      2.924609391429
    6      8.624383197002      0.848715810565      1.925645721411
    6      6.510785884125     -0.291069360056      1.933944861915
    6      0.792386548850     -0.310538757003      7.927203642315
    6      6.480500773653      8.700106968871      1.756448204257
    6      6.982346535099     -0.748817294152      4.847622979478
    6      8.137130058092      1.350215494220      4.837057199498
    6      8.064435464356      7.030076315933     -1.163843286401
    6     -0.776485516613      1.372958410311      5.021747514816
    6      8.609681410689      0.871550005896      0.533419803269
    6     -1.227353154275      7.497550770831      6.735938449559
    6      0.794592369758     -0.322430775723      9.319836535697
    6      6.507625653836      8.747231927489      3.148868772966
    6      6.931157730656     -0.715070723539      6.239269265879
    6      0.416635472073      9.153128218178      0.071034210438
    6      8.125373606650      7.066507169856     -2.555398018412
    6     -0.777442803491      1.378960299656      3.629363826074
    6      3.456946454562      0.200711355617      4.157963908782
    6      3.179221159779      1.186371998845      5.196487643025
    6      2.461218927360      2.337750360576      4.859184509589
    6      2.142685812041      3.268554376424      5.837780303571
    6     10.308714063097     -4.757441090770      0.955023634739
    6      3.288331199104      1.916178148622      7.489271606187
    6      3.597185497321      0.979887340908      6.518115705308
    0    0
