 3  1  1 E -0.0E+0 DE 0.0E+0( 1) 
 -7.87089049367266291E+00 7.87089049367266291E+00 6.26315053875625871E+00 
 7.87089049367266291E+00 -7.87089049367266291E+00 6.26315053875625871E+00 
 7.87089049367266291E+00 7.87089049367266291E+00 -6.26315053875625871E+00 
  1 
 1.00000000000000000E+00 0.00000000000000000E+00 0.00000000000000000E+00 
 0.00000000000000000E+00 1.00000000000000000E+00 0.00000000000000000E+00 
 0.00000000000000000E+00 0.00000000000000000E+00 1.00000000000000000E+00 
 0.00000000000000000E+00 0.00000000000000000E+00 0.00000000000000000E+00 
       75 
249   4.7380982181470470   -4.8651091521995307   6.3404219285751555
249   -4.9967314098025630   4.9882953594424153   6.2129861550696885
249   -2.8739881994394625   4.8729115704308210   3.2445137225882323
249   2.9097823528705371   10.9288222790605900   3.2956477624973237
    8  10.9945801673028694  1.4962671935573066  0.1313873009895179 
    8  -3.3692539093123757  6.4889768954389684  6.3439121919323878 
    8   3.3662551347311389 -1.5219744936947528  9.3537880819592303 
    8   4.8256762430400206  9.7667529032153659  3.4668720438939324 
    8   6.0150478892464285 -3.0615252093629155  6.0295101645737752 
    8   1.5756538027282225 10.8493060703314050 -0.1980880235861262 
    8   9.1047933999943282  4.4778421791214340 -3.2562371534401340 
    8  -1.4588970304149216  3.1875567736833235  3.2945655182931866 
    8   1.7049057741825564  9.6838187816463428  4.6329354498462001 
    8  -1.8102492515555824  6.0465065454772553  4.7308898999611113 
    8  -6.1406141020913916  6.0778689358280849  4.6614085433462007 
    8   5.6134432138319461 -5.8780595152192490  4.5714787697607493 
    8  -1.6925197669248631  5.9327009824664776  1.7496258944286691 
    8   2.0658052081402976  9.6068131290947782  1.7087039720250736 
    8   9.3503401438999916  5.9532754624633561 -4.9830598431263722 
    8  -1.8079659406075814  1.8750861243561392  1.4566437269904804 
    8   3.4612424845872245 -3.6182294799517059  5.0253263418525513 
    8  -3.8173994136485634  3.7792804417209007  4.8871179800904603 
    8   3.7470076455943611 -4.0978656802045563  8.1071361794962442 
    8  -3.9817779325576304  4.1852985121875967  7.9808420850343307 
    8   5.5544185156762129  4.6984487121026763  2.6733674270434653 
    8   3.6053162526285285  1.5312408053620179  5.2896969841088346 
    1   4.0711729434438704 -2.9043227602688648  4.7585997808552429 
    1   3.4808776003655839 10.9553791472514348 -1.7484259987421145 
    1  10.8942703266503216  4.3598709612088742  1.5558910759216475 
    1  -3.1491694467247693  3.7501120533773418  7.7221767881050356 
    1  -0.1058576122236659  7.8975299467513835  4.7751118890496613 
    1  -0.3953796678996396  0.2477763499339077 10.0924096554935190 
    1   0.0586785780375405  7.6554038578229839  1.6196326597337172 
    1  -0.2688248141607873 -0.0825492491109475  1.5119014191339901 
    1   9.6125657681718426  1.2214742120785420  2.1880863450238479 
    1   5.8325375282110103 -0.9086026603219297  2.2268436556109807 
    1   2.1425210511466593 -1.3960242385378385  6.9361828482540151 
    1   6.4235293280541335  8.8733169847881328  1.5239164560067699 
    1   6.4617895658095730 -1.5663016598490862  4.0839130260286920 
    1   9.6324188282699517  1.2371821149579363  4.2276102633410133 
    1   8.9241441118042193  5.8396628141019225 -1.1626230767155015 
    1  -1.0151813930506222  1.7824970599037828  5.3176042176990794 
    6   9.8735636012251966  1.3902481582658615 -0.4580878925652101 
    6  -2.2075517897143548  6.5691255263245836  5.8300329207824770 
    6   2.1658878741211769 -1.4030558185677935  9.7792321770133750 
    6   3.3554036912295735  2.3505695931999049  6.0475567676581985 
    6   6.3632932705661851 -2.0636967696116941  6.7525667509691365 
    6   1.5307272099799576  9.7774604269107908  0.5899003043682773 
    6   8.9677375591023285  5.6094614959810638 -3.8106596779985020 
    6  -1.3895044419789879  2.0983022186817273  2.6444124577091168 
    6   7.7418484672668946  0.1264194475066867  2.4399174811956947 
    6   0.2361129646032723 -0.1755503059552232  6.8463857449401431 
    6   7.7505901102343255  0.1124584185908697  3.9205863020868579 
    6   0.0367688721728018 -0.1282695654810847  5.4186541071585683 
    6  -0.1154724527111819  7.9310547705704826  5.8626376736770176 
    6  -0.0008019954474179  0.0158743768848737  9.1055260184377520 
    6  -0.0688923262857499  7.7986489813125139  0.5468692692355206 
    6  -0.1978432693217861 -0.1047516765203921  2.5981818910304573 
    6   8.7774502255842730  0.7247121918269297  1.6967338160675016 
    6   6.6904115339051344 -0.4762115431271812  1.7125041084295303 
    6   1.3330141124755213 -0.9054694323494341  7.4689330084206027 
    6   7.3291877288490834  8.2848026142283828  1.6380979364560941 
    6   7.0275486016480198 -0.8108806819181900  4.6278272367874536 
    6   8.6208620557145146  1.1061781208773307  4.6294100901117563 
    6   8.4264000867375586  6.6856523118929960 -1.6352800638690930 
    6  -0.6231903816142564  0.9367286742380404  4.7519261606323946 
    6   8.7763295220465380  0.7047663196862315  0.2951679598809958 
    6  -1.1552059978101199  7.3305728143166764  6.5801562511181073 
    6   1.2129325484127391 -0.7862604112965941  8.8325921231652291 
    6   7.9219067974685693  2.2567281568865560  5.2752509961493734 
    6   7.0554733039393476 -0.9403592927826367  6.0661789277432430 
    6   0.6073462460942078  8.8863545456861246 -0.0801472242627326 
    6   8.3101233927145337  6.6984720557167883 -3.0206751418673674 
    6  -0.7291591291271731  0.9468293090374269  3.3559405857069851 
    6   5.4691983027851769  5.3259344275276952  3.6267502083584802 
