   3   1   1 E -3.8395566374919E+03 DE 2.2E-08(  6)
 -0.799891464632E+01  0.753192399275E+01  0.618541068558E+01
  0.797945073652E+01 -0.753555063773E+01  0.616642752275E+01
  0.800381216909E+01  0.753865237106E+01 -0.619106959867E+01
    1
  0.100000000000E+01  0.000000000000E+00  0.000000000000E+00
  0.000000000000E+00  0.100000000000E+01  0.000000000000E+00
  0.000000000000E+00  0.000000000000E+00  0.100000000000E+01
  0.000000000000E+00  0.000000000000E+00  0.000000000000E+00
   86
  249      5.099733170479     -4.801038011651      5.961436740610
  249     -4.809529386290      4.712208647890      5.991935582364
  249     -2.939353240542      4.767727627563      2.845578911275
  249      3.231559127551     10.241799642590      2.823175661240
    8     11.411612517097      1.359901201257     -0.057517818788
    8     -3.140314034847      6.130047044460      6.079575885773
    8      3.442194883733     -1.292582557631      8.994806658090
    8      4.796409108783      8.733197865318      2.827206389341
    8      6.630158538101     -3.243175544555      5.954080615082
    8      1.649397611241     10.701507002965     -0.238590070791
    8      9.814107117454      4.383031691408     -3.178390894483
    8     -1.517667386155      3.097109386423      3.030994154901
    8      2.092528148257      9.120933512870      4.296553230441
    8     -1.779778661460      5.875185611605      4.283987659674
    8     -5.904913722263      5.917008418008      4.606124583159
    8      6.197727773123      9.061293198682      4.577839970127
    8     -1.780041783271      5.825081210459      1.399506879144
    8      1.983144863616      9.204972477496      1.434433135582
    8     10.072452578832      5.827670707043     -4.908850978144
    8     -1.744106526126      1.666662114700      1.282714646264
    8      4.243629393867     -3.714155643639      4.341182411952
    8      3.989104421280     11.177846911833     -1.888153972187
    8      3.964899307630     -3.679905829357      7.393928036113
    8     -3.722488128156      3.533943544953      7.363619475137
    8     -1.104782376503      3.897164387277      8.177122836168
    1      3.664771182742     -3.003762258016      4.666136616425
    1      4.519873581753     10.422786984604     -1.581809324747
    1     11.237661842163      3.312525597445      1.539885975160
    1     -2.797968923988      3.800346615160      7.577384850941
    1      0.145014139779      7.514973275851      4.421019111646
    1      0.114537881300     -0.075230071576     10.642765212593
    1      0.119413929786      7.507189280579      1.331519134976
    1      0.173750176451     -0.006393060115      1.382604735108
    1     10.068734954893      0.883774009524      1.942867092868
    1      6.202654956052     -0.978890708182      1.920275327055
    1      2.073928739450     -0.935723185843      6.952855222929
    1      6.131212749542      8.321253225806      0.772366064603
    1      7.038056036046     -1.897395059966      3.796867974133
    1      9.201574515133      1.824632644561      3.815995550411
    1      9.257458704680      5.662125916733     -1.121194184675
    1     -1.038249364184      1.751275136364      5.086986588710
    1      0.172971201732      3.407593322748      6.684730068223
    1      2.316237176458      2.517706583468      6.947511071247
    1     -3.802510318667      9.207424497577      2.195570318965
    1      3.992725074002      1.748885228125     -1.529244099240
    1      9.933198885075     -4.864086742646      5.698715338421
    1      0.074926617718      3.498565915856     10.474764675156
    6     10.322121068411      1.205320427181     -0.700744579284
    6     -2.036928397106      6.272700197168      5.467173738099
    6      2.326671309621     -1.208585011542      9.595593389821
    6      5.915112661584      8.629494635459      3.412192870971
    6      6.716015902298     -2.084033481478      6.461438932083
    6      1.519735780510      9.563403973967      0.302056107102
    6      9.629791910261      5.494227705575     -3.764345808546
    6     -1.320523637687      1.991396947572      2.436748437750
    6      8.129321960987     -0.034197826680      2.128992527325
    6      0.098820608257     -0.081869371456      6.754098150852
    6      8.123501403839     -0.038300757740      3.609188694477
    6      0.112580304850     -0.061580730165      5.275372167950
    6      0.139812919918      7.510706351725      5.502047011576
    6      0.105664666961     -0.085252487698      9.563023465445
    6      0.125679696133      7.505007013928      0.250749153325
    6      0.158569260943     -0.020139203438      2.463488780651
    6      9.204606097005      0.499475544059      1.416208459643
    6      7.058203661106     -0.563353018416      1.406550244504
    6      1.193419400520     -0.574070945471      7.468221743645
    6      7.008024793477      7.943005643191      1.282311009832
    6      7.504180179173     -1.070814648823      4.320559352562
    6      8.732425235511      0.993790881844      4.328141219970
    6      8.782094241043      6.485342909828     -1.639007608643
    6     -0.531344101389      0.951161313255      4.561916438723
    6      9.199735036525      0.538600577253      0.022651378644
    6     -0.924219230521      6.944047205101      6.198624197616
    6      1.186069736348     -0.601585642911      8.859686035339
    6      7.025063692620      7.970990235617      2.674865986306
    6      7.468026522089     -1.045128070683      5.713615800290
    6      0.773270490111      8.516163351672     -0.446152650145
    6      8.837290356472      6.522633228532     -3.029961318738
    6     -0.539351807494      0.954628470148      3.168739380626
    6     -0.013308235614      3.488403031956      7.771867483103
    6      1.090902351349      3.071336938484      8.625643469898
    6      2.249707444353      2.562634606271      8.029556677020
    6     -4.689701619945      9.627688946467      2.651762791169
    6      3.190164994932      2.135661914344     -2.146934288833
    6     10.020080597378     -4.883360326836      4.619147404169
    6      0.980622555370      3.119165883206     10.022024683686
    0    0
