   3   1   1 E -3.8395569621943E+03 DE-2.6E-07(  7)
 -0.760337636727E+01  0.798464978495E+01  0.617472737310E+01
  0.761360660749E+01 -0.798445881807E+01  0.618757463496E+01
  0.754583271157E+01  0.792301440102E+01 -0.617482914082E+01
    1
  0.100000000000E+01  0.000000000000E+00  0.000000000000E+00
  0.000000000000E+00  0.100000000000E+01  0.000000000000E+00
  0.000000000000E+00  0.000000000000E+00  0.100000000000E+01
  0.000000000000E+00  0.000000000000E+00  0.000000000000E+00
   86
  249      4.710320729909     -5.103314684832      6.098804917106
  249     -4.904907463304      4.840871882932      6.079090463959
  249     -2.874708692068      4.782283991359      3.026124628277
  249      2.656165949668     10.874313871624      3.047442650267
    8     10.696214347145      1.290321676439     -0.049229579293
    8     -3.345807868837      6.361938275456      6.126296677456
    8      3.087630083608     -1.738775280203      9.088683801644
    8      4.343273870299      9.473365562075      2.853004861790
    8      6.179767100728     -3.485167837861      6.033187271599
    8      1.255335281575     11.072875758172     -0.253219536173
    8      8.786303766932      4.507551374495     -3.081923987373
    8     -1.410492436786      3.175008529650      3.069409822341
    8      1.608219904733      9.626649639839      4.443092189062
    8     -1.839773443296      5.944348472704      4.482086774043
    8     -6.002555874089      5.956112556644      4.597737561414
    8     -1.805718030457      1.732930465445     10.807625906402
    8     -1.715085865579      5.906405328470      1.602758211200
    8      1.496763592103      9.768006055528      1.587050713869
    8      9.052009001774      5.870608570349     -4.873618952517
    8     -1.758360184117      1.765886128590      1.328594929671
    8      3.622584797375     -4.030927789643      4.657970571182
    8     -3.807903518834      3.705554711536      4.630039269421
    8     11.145332899633      3.708492521760      1.548283603310
    8     -3.812183600631      3.973264882611      7.688807760496
    8      3.557107974356     -1.386446995205      5.357155442036
    1      3.565137634053     -3.053317535087      4.749150674930
    1      3.180966729324     10.906875210392     -1.883621654914
    1     10.475695931285      4.315820019314      1.187505468716
    1     -3.085489737049      3.412882244604      7.367712502272
    1     -0.141886989208      7.820239089404      4.558507208148
    1     -0.079398412433     -0.119449592179     10.694539630667
    1     -0.047801462584      7.789256215740      1.459236484331
    1     -0.107121104892     -0.132520259730      1.433882932246
    1      9.382828030232      0.851524904696      2.055254936434
    1      5.653458837867     -1.302235390474      2.083545532665
    1      1.795260207009     -1.194544678087      6.998850315894
    1      5.659571983172      8.932251113078      0.817419624132
    1      6.607992469506     -2.164425934818      3.976996861760
    1      8.438703373622      1.720986567552      3.931349655459
    1      8.406553310252      5.879120773684     -1.046141559949
    1     -0.964726802454      1.848787079903      5.116565245321
    1      4.068393635648     -0.153021015763      3.837758367311
    1      3.977567983469     -0.154739593237      7.628443669084
    1      4.869811466832      1.716880479207      8.989607651603
    1      5.839509241689      3.701816011264      7.874413961755
    1      5.899048907398      3.847330117694      5.409131455895
    1      4.998195058350      1.974907127556      4.044327720852
    6      9.559796745596      1.178880097204     -0.595110430044
    6     -2.196096102771      6.441719611635      5.600339730659
    6      1.960861857506     -1.565416241523      9.652652938238
    6      5.437103194823      9.259094305670      3.464322557902
    6      6.317251849576     -2.371393573284      6.622454563100
    6      1.125788850552      9.981816726969      0.391894973839
    6      8.659873630093      5.614804485264     -3.688342111263
    6     -1.306893089382      2.054703633583      2.482984383599
    6      7.516691956840     -0.217752321686      2.274028997430
    6     -0.045384793373     -0.093246933154      6.803965218200
    6      7.541527729193     -0.228180870718      3.754774301162
    6     -0.050104816042     -0.097564791093      5.324953362815
    6     -0.128033031375      7.808617782667      5.639090843662
    6     -0.068673099031     -0.110870002145      9.613580545268
    6     -0.045108051073      7.774852490327      0.379149527790
    6     -0.089346819660     -0.122897809908      2.514437472150
    6      8.539774202897      0.399684068741      1.548171370387
    6      6.471202946432     -0.816251720325      1.564744895612
    6      0.968803459382     -0.730567420470      7.522624522778
    6      6.480631098462      8.461251593620      1.342734362934
    6      7.021970369792     -1.301680743011      4.483700295308
    6      8.072015931801      0.852090823388      4.462766006223
    6      8.003400890038      6.738283240121     -1.563800221968
    6     -0.577540842071      0.976695130055      4.605465377112
    6      8.504729263074      0.445955363614      0.157031511465
    6     -1.136007144310      7.166916505430      6.346395387483
    6      0.935432756366     -0.775158234658      8.915335416350
    6      6.486164579395      8.488546197417      2.735054858976
    6      7.006684472195     -1.279386363203      5.877565999278
    6      0.500126553313      8.837628108201     -0.331892631921
    6      8.014266435600      6.738243036072     -2.956813865540
    6     -0.627284685977      0.951296290317      3.214060937966
    6      3.984786514702     -0.309405298455      4.928126973345
    6      4.423470359907      0.804809578762      5.754577897868
    6      4.379441559286      0.729999689808      7.154007644022
    6      4.883304172425      1.775516723710      7.908116689294
    6      5.427069951309      2.896126424514      7.277779824190
    6      5.459555996727      2.982010800700      5.888568715796
    6      4.957536393796      1.936110369146      5.127738018998
    0    0
