   3   1   1 E -3.8407599365855E+03 DE 5.7E-08(  5)
 -0.752710508118E+01  0.801751829728E+01  0.619107928228E+01
  0.752563374837E+01 -0.799413024244E+01  0.615283636778E+01
  0.753309477989E+01  0.799375520498E+01 -0.615787281291E+01
    1
  0.100000000000E+01  0.000000000000E+00  0.000000000000E+00
  0.000000000000E+00  0.100000000000E+01  0.000000000000E+00
  0.000000000000E+00  0.000000000000E+00  0.100000000000E+01
  0.000000000000E+00  0.000000000000E+00  0.000000000000E+00
   88
  249      4.789646540583     -5.015122829101      5.986432868869
  249     -4.716993779268      4.960796296504      6.054986819792
  249     -2.716083685350      4.882015024707      2.961762275466
  249      2.789155941283     11.053927979463      2.965341256444
    8     10.773025644641      1.448988553647     -0.133703792824
    8     -3.180189280615      6.523685856869      5.993415664707
    8      3.148418861172     -1.698818513825      8.930412191728
    8      4.422729154636      9.607791070342      2.850530706692
    8      6.120382606380     -3.269000875159      5.838594038850
    8      1.481109288994     11.223771802568     -0.308863503011
    8      8.789736321582      4.593809650501     -3.216664551186
    8     -1.278038651057      3.244277639007      3.056955535303
    8      1.750681043540      9.846146724266      4.392505491632
    8     -1.616928570217      5.999243113993      4.434729921353
    8     -5.791351987920      6.037116213591      4.535157706840
    8      5.915687140581      9.920860793074      4.528712430367
    8     -1.564655854086      6.021996685716      1.538827343312
    8      1.662421862101      9.898228974921      1.521080504787
    8      9.071878742820      6.009314881120     -4.964699080207
    8     -1.519193444153      1.927846276387      1.229910145970
    8     11.158331950948      4.111609893271     -1.557628021475
    8     -3.562065348476      3.847898041152      4.632472704600
    8      3.698907366259     -4.191001939346      7.649129238765
    8     -3.655615159887      4.223917506590      7.735708064146
    8     -1.236899833214      3.631783485360      6.624038158984
    1      4.131637549114     -3.116454123349      4.278898327909
    1      3.498889970702     11.032537515106     -1.783594172068
    1     10.492815936882      4.346880095235      1.168616971878
    1     -2.756301897092      3.913466351809      7.460052079520
    1      0.066091874743      7.946415356070      4.465213070325
    1      0.071716958304     -0.002831907118     10.605787585959
    1      0.029779843610      7.976279054735      1.386662199133
    1      0.009301306091     -0.039907409596      1.355928978568
    1      9.404482630581      1.053183121099      1.971666774139
    1      5.653580831512     -1.062517317221      1.948154031635
    1      1.735852465347     -1.296189439616      6.885129917513
    1      5.663824997743      9.019123044181      0.783262623429
    1      6.574606169340     -1.924410749057      3.840238522030
    1      8.473418464135      1.923511757681      3.845073625508
    1      8.328627528118      5.882066852978     -1.153623072543
    1     -0.959645404849      1.802750988008      5.090174075166
    1     -1.366387047982      3.882054704823      5.690462092354
    1      0.204568802556      5.089366265149      7.005024848358
    1      0.143886601321      3.701545694587      8.112985292248
    1      1.785903055664      2.020886240220      7.865218300288
    1      3.529322629429      0.884037600810      6.537192414514
    1      3.885788445680      1.514207653837      4.164220655553
    1      2.517903327130      3.315249597658      3.148406301085
    1      0.804941790116      4.478248519168      4.494917660050
    6      9.633635928239      1.341066531152     -0.678108322312
    6     -2.016978160783      6.578547106928      5.505437143045
    6      2.038865128277     -1.526183546849      9.533908083819
    6      5.548320019798      9.433897795789      3.407355876761
    6      6.303428049593     -2.190449528832      6.484539316692
    6      1.287690191402     10.142385159310      0.332092277488
    6      8.663918381583      5.717164815109     -3.792211495046
    6     -1.156048164731      2.143469577895      2.431751625569
    6      7.526905698758     -0.002602746707      2.165751695260
    6     -0.085032343485     -0.162516412808      6.718312541739
    6      7.517938210149      0.002439509936      3.646003478527
    6     -0.091836545426     -0.155456430566      5.240899373838
    6      0.046581058884      7.966039227830      5.545774269330
    6      0.026172030791     -0.049317786333      9.526568618752
    6      0.014845023370      7.983078117978      0.305887486880
    6     -0.023985466572     -0.072213898581      2.435241883017
    6      8.575160426016      0.588253626603      1.453408104891
    6      6.497261790498     -0.609365533497      1.442681062553
    6      0.939085134274     -0.796988062888      7.421343437853
    6      6.474884749795      8.515409516501      1.288820517697
    6      6.975157369176     -1.065374595204      4.363088621387
    6      8.070763267938      1.063971813212      4.365425364232
    6      7.955549792227      6.768795131496     -1.650080914527
    6     -0.578708287834      0.952594628731      4.545595648532
    6      8.578045781896      0.597231905954      0.061477044916
    6     -0.984505012265      7.350035506172      6.242154857586
    6      0.979598002401     -0.770345696284      8.812625879361
    6      6.549061804858      8.605688119411      2.677341389287
    6      6.957158367759     -1.062935569612      5.757316386751
    6      0.588399010543      9.040482310070     -0.394711428664
    6      8.010417545742      6.818926748939     -3.040735141321
    6     -0.563904481117      0.988143278579      3.153768841601
    6      0.100512981043      4.002160100532      7.064645518839
    6      1.179656784020      3.321040626714      6.269693973098
    6      1.955857166583      2.313088500615      6.834892694614
    6      2.931120000925      1.666031762260      6.082918292747
    6      3.128990844985      2.019819534437      4.753449865299
    6      2.362304293265      3.032963354334      4.182893119685
    6      1.400148879974      3.687820778038      4.940244534407
    0    0
