   3   1   1 E -3.6073668067333E+03 DE-1.1E-07(  3)
 -0.782179368173E+01  0.773456318924E+01  0.618639233101E+01
  0.781991409852E+01 -0.773014114868E+01  0.617864737803E+01
  0.782612460557E+01  0.773461983452E+01 -0.618096365897E+01
    1
  0.100000000000E+01  0.000000000000E+00  0.000000000000E+00
  0.000000000000E+00  0.100000000000E+01  0.000000000000E+00
  0.000000000000E+00  0.000000000000E+00  0.100000000000E+01
  0.000000000000E+00  0.000000000000E+00  0.000000000000E+00
   74
  249      4.814573807834     -4.846353354223      6.088738349584
  249     -5.003745132434      4.806299449569      6.096698123608
  249     -3.057371787726      4.857307140021      2.995848827642
  249      2.870762528851     10.560112730767      2.989399698260
    8     10.937271658847      1.511582068966      0.089015712961
    8     -3.291647631423      6.166244596772      6.262971139611
    8      3.189615927676     -1.370131249784      9.149750625173
    8      4.450955007989      9.057701876324      2.975379994081
    8      6.305104406200     -3.258787880465      6.052259866242
    8      1.304286431056     10.976634256921     -0.111976570717
    8      9.327564546942      4.539707346141     -3.006689156720
    8     -1.683744894257      3.152898941495      3.173652925391
    8      1.760581726345      9.440825732089      4.466203550271
    8     -1.925391748266      5.961160931179      4.464374445665
    8     -6.054732605998      6.033822883567      4.704523180632
    8      5.886873844169      9.424394037635      4.691475880794
    8     -1.853541563058      5.910174651733      1.593051497519
    8      1.621257620623      9.528929619249      1.605515027479
    8      9.535223347750      5.919473431851     -4.794630744899
    8     -1.874509428037      1.779157186224      1.378484856312
    8      3.967772723855     -3.785619002430      4.429087603142
    8      3.646493727982     11.468800480882     -1.756907091308
    8      3.686839251474     -3.731834319127      7.523204666737
    8     -3.905376633169      3.626541756176      7.487523856603
    8      0.433318269851      3.814613260628      8.468225012031
    1      3.434981892795     -3.028812106662      4.727676821708
    1     -3.662736821584      2.969787317689      4.731438771342
    1     10.764252747527      3.468689065603      1.658971761619
    1     -3.036317951861      3.997348869068      7.722691010763
    1     -0.079288038342      7.698303041891      4.588445844512
    1     -0.086835346434     -0.005274325971     10.767672033747
    1     -0.111903278968      7.723172852247      1.488599053088
    1     -0.084660354686     -0.020044777112      1.501914141861
    1      9.604953516425      1.008774787577      2.105487382536
    1      5.828768682714     -1.030330849750      2.091925193192
    1      1.847381811215     -0.952613073638      7.081450781641
    1      5.799282673643      8.657636333620      0.897486488457
    1      6.697254186846     -1.900758171510      3.979113548952
    1      8.705685551981      1.906135470011      3.983093740952
    1      8.802610819818      5.856406081184     -0.978125133673
    1     -1.151648258341      1.846608325687      5.196435779833
    6      9.847691721281      1.318201122790     -0.539263621179
    6     -2.200033055682      6.359063402370      5.641170462932
    6      2.066604456479     -1.255827250053      9.726285631425
    6      5.579806430010      8.964418168136      3.542897825496
    6      6.416501792213     -2.131460069782      6.620759913161
    6      1.180768494760      9.849089495627      0.452856194256
    6      9.131560840606      5.634231830065     -3.622799086662
    6     -1.478357125841      2.061914439167      2.553653377294
    6      7.715062790617     -0.006290076911      2.296344712882
    6     -0.087337762588     -0.011649267970      6.875725724740
    6      7.707841257355     -0.000606960073      3.776029802118
    6     -0.086585149175     -0.014779799595      5.395854079645
    6     -0.086715866625      7.706128811125      5.669424588716
    6     -0.086864620575     -0.006963300762      9.687121742295
    6     -0.113258248978      7.725497752628      0.408072272810
    6     -0.085295429449     -0.018722596424      2.582941226016
    6      8.764105583067      0.573781242226      1.580631802314
    6      6.675729761634     -0.598024595911      1.575391469435
    6      0.985236897643     -0.545597328293      7.594332394862
    6      6.664235191144      8.257117548988      1.411031793773
    6      7.137941453197     -1.055873684370      4.492040269948
    6      8.274002995524      1.055333419004      4.494937985896
    6      8.351307848783      6.689440115667     -1.501756785353
    6     -0.698073987102      1.012880265043      4.675888773144
    6      8.760612549238      0.597072762806      0.187181365968
    6     -1.121645448574      7.091024307900      6.368650880985
    6      0.971033996140     -0.572911524161      8.986835268454
    6      6.679042401149      8.287961609171      2.804136961607
    6      7.113605604020     -1.045510501383      5.883858461397
    6      0.478866038575      8.769599808711     -0.291353467551
    6      8.384807741878      6.701827891258     -2.894819591871
    6     -0.730302791614      0.996843226095      3.282841613760
    6     -0.670539785853      3.894941515452      8.211410220570
    0    0
