   3   1   1 E -3.8395565633443E+03 DE-7.8E-08(  3)
 -0.777666855707E+01  0.777928112581E+01  0.617648987159E+01
  0.779690322759E+01 -0.776449353046E+01  0.618351498782E+01
  0.776723606567E+01  0.775523981814E+01 -0.615801802444E+01
    1
  0.100000000000E+01  0.000000000000E+00  0.000000000000E+00
  0.000000000000E+00  0.100000000000E+01  0.000000000000E+00
  0.000000000000E+00  0.000000000000E+00  0.100000000000E+01
  0.000000000000E+00  0.000000000000E+00  0.000000000000E+00
   86
  249      4.930336395100     -4.911638429725      6.130697419696
  249     -4.823924184017      4.805287800254      6.164861668937
  249     -2.874250048938      4.801270114147      3.062516753774
  249      2.983859762504     10.603101681292      3.066197671390
    8     11.065057825918      1.405986659720      0.082411380433
    8     -3.162647588379      6.234321729450      6.287183278879
    8      3.296474708834     -1.502171122664      9.091832291944
    8      4.523333613109      9.019405141663      3.093595812009
    8      6.458624112216     -3.302260010083      6.062125792700
    8      1.412639686635     11.004896674821     -0.020983595524
    8      9.318712297689      4.469294882024     -3.015819885720
    8     -1.505077367235      3.105568451801      3.243599860824
    8      1.844574313095      9.575469664421      4.556993902258
    8     -1.764615097312      5.957135881161      4.522776289991
    8     -5.851263603762      6.016819489939      4.715434213890
    8     13.796514653883      1.613908999299     -1.414784429378
    8     -1.644661819940      5.848912164674      1.651704226425
    8      1.764148126722      9.528257154687      1.667041205799
    8      9.619375444749      5.922683786771     -4.730782778283
    8     -1.746990698516      1.766102922689      1.429650274307
    8      4.128307460178     -3.808521952161      4.481651214532
    8      3.825139235377     11.484660745157     -1.608822764028
    8      3.849532748689     -3.861652148373      7.626159536776
    8     -3.727100568357      3.623491335766      7.545220800972
    8     -1.397713631871      4.202620413183      8.824195039430
    1      4.915981279592     -3.458694901498      4.012887220657
    1      4.335698947029     10.727118120758     -1.277344790822
    1     10.978459035191      4.526931027509      1.100269872363
    1     -2.839380791952      3.959562844825      7.792246337393
    1      0.073225549289      7.718192846378      4.633776030161
    1      0.066419872630     -0.098626077539     10.794529702260
    1      0.052438048926      7.711488652229      1.541240596067
    1      0.036988526444     -0.059446312858      1.534766227390
    1      9.677008152013      1.059618198475      2.154310298539
    1      5.913506154396     -1.017393553925      2.142887316563
    1      1.911437055747     -1.058285278425      7.063899105561
    1      5.805642898538      8.556049511529      0.987764023078
    1      6.768459116438     -1.859773635675      4.012205159983
    1      8.799383470624      1.924598364950      4.058649916397
    1      8.813697005913      5.756312903932     -0.955707584979
    1     -1.113166840921      1.708989748068      5.251765795579
    1      7.840758648798     -4.320130955005      3.815583884603
    1      2.037935557829      2.417889921297      9.197098490024
    1      3.603911300620      1.824369381192      7.365064533811
    1      3.067853463998      2.469197165202      5.037475426194
    1      0.966379150690      3.692596998465      4.526194764397
    1     -0.589919079802      4.265785563635      6.349804102495
    6      9.934736526449      1.310424602504     -0.484799655294
    6     -2.057594885313      6.396607658262      5.685485088711
    6      2.197061336296     -1.358814752046      9.717284791243
    6      5.662805469532      8.913668105391      3.632190310098
    6      6.564761050828     -2.184517341685      6.659291696603
    6      1.307735979121      9.865268155155      0.526763248978
    6      9.166241461671      5.588631486636     -3.586151629215
    6     -1.348854914232      2.011786088333      2.609540021388
    6      7.792214234628      0.021132208082      2.351263339929
    6     -0.033566455639     -0.148775929716      6.905141667630
    6      7.785698664527      0.026949146516      3.833210822200
    6     -0.042957688164     -0.147137237439      5.426495748393
    6      0.056467233388      7.739148580777      5.714609397666
    6      0.039372912474     -0.111931094980      9.714208744521
    6      0.026312229345      7.734077820010      0.461186213477
    6      0.010065244038     -0.086649243305      2.615107441907
    6      8.845838416439      0.596722339766      1.636782894132
    6      6.758213373488     -0.580438072581      1.629408439120
    6      1.056521361197     -0.672025843769      7.603641333566
    6      6.678623089453      8.150562192621      1.483418168523
    6      7.219214006651     -1.035421550941      4.541708295688
    6      8.363307120008      1.070203660544      4.561521345886
    6      8.351416295335      6.595349671856     -1.459421184258
    6     -0.651848016088      0.889688290874      4.718990367424
    6      8.850630761039      0.594783673161      0.243577003472
    6     -0.984570996166      7.135210142510      6.413053948472
    6      1.079260878626     -0.690445611133      8.995597572763
    6      6.731461868514      8.202592622267      2.874874719894
    6      7.222037178238     -1.061707555206      5.933439500812
    6      0.602353167024      8.794476704827     -0.229442879451
    6      8.404158657507      6.637975686286     -2.850656354790
    6     -0.647513850304      0.911926112850      3.326550442601
    6     -0.277649329504      3.693236897060      8.972558236112
    6      0.631424126952      3.381033536856      7.885231059001
    6      1.819643136526      2.701220108106      8.173555116277
    6      2.692444341741      2.367720986376      7.148052543377
    6      2.386471556434      2.730214864559      5.838957207513
    6      1.209215979331      3.421230259992      5.545737604008
    6      0.330541033602      3.740945304744      6.564181992876
    0    0
