   3   1   1 E -3.6097858453146E+03 DE 3.2E-08( 16)
 -0.777370613864E+01  0.776496042551E+01  0.617556709747E+01
  0.776556439107E+01 -0.778216108298E+01  0.618721181505E+01
  0.779137702713E+01  0.779716487328E+01 -0.619672238722E+01
    1
  0.100000000000E+01  0.000000000000E+00  0.000000000000E+00
  0.000000000000E+00  0.100000000000E+01  0.000000000000E+00
  0.000000000000E+00  0.000000000000E+00  0.100000000000E+01
  0.000000000000E+00  0.000000000000E+00  0.000000000000E+00
   78
  249      4.713780581945     -4.982794618920      6.317751421322
  249     -4.958030356730      4.799295086176      6.284521388939
  249     -3.008332234123      4.762591833251      3.191009521730
  249      2.779473334907     10.633233300849      3.186664312883
    8     10.940498979279      1.283314470453      0.135037810650
    8     -3.382807675299      6.312269615364      6.323068385138
    8      3.086636903928     -1.618080163782      9.255268974006
    8      4.479091397925      9.256021982450      2.997792806185
    8      6.080996758810     -3.272472660221      6.116920041007
    8      1.479440573729     10.869886220534     -0.080600200451
    8      9.067030721724      4.465328819245     -2.940260092381
    8     -1.473438337858      3.206052490569      3.215619561681
    8      1.722607081253      9.412910662404      4.599301180738
    8     -1.950945771299      5.983104671096      4.594356885199
    8     -6.089127153712      5.898718078572      4.823974976436
    8      5.831419301599      9.461822201271      4.808413092371
    8     -1.876991970692      5.881056794002      1.726511017865
    8      1.642058555858      9.520002725047      1.734975346514
    8      9.411273442123      5.882712887692     -4.676412613650
    8     -1.785712135561      1.757071190435      1.498095277793
    8      3.613617694747     -3.877519316673      4.857994153800
    8     -3.814711051523      3.681443298316      4.872269372104
    8     11.472763142299      3.609256182405      1.792242202566
    8     -3.886362435464      3.947856019065      7.942014940717
    8      8.708709411468      3.622720580322      1.655831800365
    1      4.137728891316     -3.113585889666      4.562929268807
    1      3.465500690635     10.711566599134     -1.634583012192
    1     10.522032312968      3.826437678494      1.646386995849
    1     -3.141021520054      3.408201007188      7.626316603217
    1     -0.128458490677      7.713938463322      4.700583538266
    1     -0.142676663702     -0.108451179529     10.891304070615
    1     -0.113293382313      7.696669308259      1.602804212338
    1     -0.095644489813     -0.074448783211      1.626548595918
    1      9.650772113978      0.762566899501      2.207962097326
    1      5.739693236869     -1.035193152887      2.216789295469
    1      1.797942668472     -1.102672861845      7.217871582085
    1      5.844054950073      8.795331330347      0.980946360345
    1      6.628313438574     -1.975015013618      4.095933556200
    1      8.724554979596      1.773084991938      4.097071514248
    1      8.750763070870      5.869387012301     -0.873432197729
    1     -1.044669853088      1.879739299969      5.301779147076
    1      7.375890368543      4.875814111329      0.730220023048
    1      6.859994746068      3.174606992640      0.777765972854
    1      8.133621217607      3.681890425975     -0.367301623143
    1      8.731215825401      2.667564759738      1.833396260213
    6      9.815942366573      1.178060021551     -0.435747710808
    6     -2.261197106383      6.427122269566      5.745659091501
    6      1.976735000115     -1.456338630045      9.849601467696
    6      5.569960338151      9.070966150512      3.628127429617
    6      6.283394464692     -2.182599587518      6.739080928881
    6      1.267548121864      9.787148672742      0.548522632121
    6      8.971769890642      5.591898161174     -3.517122605506
    6     -1.350579249849      2.077512651554      2.652873002493
    6      7.682727372768     -0.108982984056      2.418454915922
    6     -0.065968052600     -0.036272593390      6.998561117446
    6      7.682775173497     -0.106741446272      3.898206604074
    6     -0.052443546615     -0.029518140673      5.518000347326
    6     -0.116008069521      7.695361317520      5.780943469212
    6     -0.120535827013     -0.087461345559      9.810686326441
    6     -0.103702569297      7.690846918701      0.521902742334
    6     -0.079188258489     -0.060263330849      2.706873392993
    6      8.761590775746      0.410545616491      1.696619056640
    6      6.601107237736     -0.629458925330      1.701569651788
    6      0.956136656696     -0.650934476723      7.725998223353
    6      6.674483064243      8.346812616582      1.511213961296
    6      7.072656101303     -1.136542100398      4.616831452630
    6      8.280443465538      0.931853677031      4.614417931435
    6      8.302962809039      6.706273220399     -1.390930260184
    6     -0.618852547688      1.023336523126      4.794271700156
    6      8.727824989165      0.476239483538      0.302572209535
    6     -1.165649513864      7.117064317456      6.484983461342
    6      0.914297071470     -0.707854803701      9.117555162853
    6      6.660606752450      8.353798776414      2.904640584876
    6      7.030042927601     -1.115070858110      6.009196703327
    6      0.537348768149      8.707760201317     -0.179455971350
    6      8.305227530781      6.698610440834     -2.782784897328
    6     -0.653721467717      0.996716510820      3.402028449880
    6      7.711256077724      3.844242306000      0.628940132619
    0    0
