   3   1   1 E -6.1237396623349E+03 DE 1.2E-07(  4)
 -0.742822470829E+01  0.797185593963E+01  0.624295363902E+01
  0.742841249263E+01 -0.794074043312E+01  0.620567593171E+01
  0.742991548933E+01  0.794218341496E+01 -0.620636857461E+01
    1
  0.100000000000E+01  0.000000000000E+00  0.000000000000E+00
  0.000000000000E+00  0.100000000000E+01  0.000000000000E+00
  0.000000000000E+00  0.000000000000E+00  0.100000000000E+01
  0.000000000000E+00  0.000000000000E+00  0.000000000000E+00
   88
   21      4.834673420043     -5.034930739942      5.761658724407
   21     -4.668172400170      4.926949208315      5.817420346165
   21     -2.588524375921      4.870331082532      2.711550425709
   21      2.758043814693     10.931404770189      2.708434973947
    8     10.683907763292      1.519389450847     -0.316133094836
    8     -3.140246733444      6.391966995813      5.864041508965
    8      3.169373075982     -1.793402919902      8.699129613191
    8      4.387292816131      9.601554287632      2.538128528920
    8      6.044498323773     -3.292600880174      5.572097466285
    8      1.539818506508     11.155196434453     -0.609206906604
    8      8.792166730967      4.539687221463     -3.432939872382
    8     -1.248690869338      3.240759334015      2.865572384277
    8      1.893808801180      9.640718579581      4.141719849362
    8     -1.690673513574      6.114617990879      4.164658971137
    8     -5.596478556073      6.068128759229      4.302732009623
    8      5.766731889096      9.708022637089      4.313327375778
    8     -1.377658356671      5.842310504560      1.274217166101
    8      1.549535497729      9.923051924572      1.273421427553
    8      1.435392156259     13.777603071866      0.956583076843
    8     -1.284467040758      2.051166520208      0.962302692797
    8     11.125920015459      3.887408761994     -1.894735504561
    8     -3.495423235764      3.955301901037      4.365157854131
    8      3.885113475342     -4.139293148177      7.413219700795
    8      3.725846557846     12.010000205879      1.238095201312
    8     -1.149911462249      3.665872666518      6.398472224312
    1      3.978089766692     -3.142603247214      4.143482447906
    1      3.742214619505     10.952320860163     -1.935480061057
    1     10.400334499636      4.074975647241      1.036968781034
    1     -2.760672789059      3.874798569655      7.230776661144
    1      0.087022187577      7.910227689474      4.283080016481
    1      0.099334044784     -0.040953009680     10.372040703814
    1      0.064181731540      7.899566603907      1.095773043409
    1      0.076524354395     -0.048276182490      1.121041238051
    1      9.330154786677      1.043030934298      1.742679275301
    1      5.569639419393     -1.048756845646      1.712318641680
    1      1.794354874157     -1.308642960400      6.659124607652
    1      5.624446346638      8.968418150756      0.495626281533
    1      6.519615145478     -1.938936771745      3.595755163800
    1      8.376073024280      1.931627723476      3.616271983036
    1      8.264986662697      5.822643174631     -1.428613907891
    1     -0.856240097404      1.818056847720      4.856587133025
    1     -1.288406206471      3.925153024970      5.468856678577
    1      0.312177949240      5.112085250308      6.745002242425
    1      0.224645553104      3.757306558172      7.889367867301
    1      1.828491121208      2.037380150125      7.700158335639
    1      3.592719806961      0.861392074362      6.434808509932
    1      4.012652831020      1.444832748551      4.061296851232
    1      2.679230469090      3.233501693095      2.977508187594
    1      0.949923101739      4.438879507447      4.262143026464
    6      9.585011769069      1.301674724895     -0.915482683774
    6     -2.015455291559      6.569972462738      5.312523491220
    6      2.084328199811     -1.528825645071      9.315089189980
    6      5.474364862700      9.328926730440      3.132818815196
    6      6.299779028463     -2.241080833098      6.241148373464
    6      1.263244573673     10.101188615062      0.050673067817
    6      8.567422185456      5.620763658259     -4.062939759043
    6     -1.028812731277      2.174732922560      2.201466883813
    6      7.445459221101      0.002691522534      1.929683435554
    6     -0.022387602624     -0.165270958323      6.485033871125
    6      7.437941557728      0.001675492549      3.409427039845
    6     -0.022019205673     -0.152770287073      5.008284172451
    6      0.065618771717      7.930075473966      5.363575497883
    6      0.063878920264     -0.076800143783      9.292197083437
    6      0.043437792973      7.913066576086      0.014970589035
    6      0.045211602104     -0.076954510730      2.201093832850
    6      8.498402040666      0.587345431165      1.219961876425
    6      6.412902100212     -0.596683319211      1.205547867507
    6      0.995241554134     -0.807873030697      7.190393161861
    6      6.429574279667      8.457200316766      1.003405317174
    6      6.912855640689     -1.078105718071      4.121494402361
    6      7.979324599039      1.066580612248      4.131894214501
    6      7.906863183424      6.712939091219     -1.929418972651
    6     -0.492153956654      0.960570744433      4.311039885141
    6      8.508152328278      0.592869329221     -0.172508332699
    6     -0.974779309584      7.323894856451      6.056304409509
    6      1.027236624410     -0.787108276032      8.581862428562
    6      6.486370211985      8.528007891097      2.393819368391
    6      6.908462925713     -1.088885633596      5.516004097101
    6      0.592079125171      8.987235491060     -0.680924963693
    6      7.956548100502      6.753077249919     -3.321187034822
    6     -0.473626863147      0.997415029903      2.918127720181
    6      0.190697237003      4.028525082929      6.832809579717
    6      1.270567407246      3.312936470864      6.067980733754
    6      2.024302327121      2.308352117324      6.668544864588
    6      3.011579425891      1.639268494597      5.952147672937
    6      3.243665522404      1.965470777169      4.621241262616
    6      2.497320111875      2.972165804137      4.013317870969
    6      1.524400223363      3.649874607840      4.736352059174
    0    0
