   3   1   1 E -5.8927746334118E+03 DE-1.3E-08(  3)
 -0.769577015596E+01  0.774977928498E+01  0.624135163067E+01
  0.769349598407E+01 -0.773559083256E+01  0.622351728527E+01
  0.766688432475E+01  0.770971233710E+01 -0.622643176014E+01
    1
  0.100000000000E+01  0.000000000000E+00  0.000000000000E+00
  0.000000000000E+00  0.100000000000E+01  0.000000000000E+00
  0.000000000000E+00  0.000000000000E+00  0.100000000000E+01
  0.000000000000E+00  0.000000000000E+00  0.000000000000E+00
   78
   21     12.451445053108      2.723529250582      0.210011329068
   21      2.744255002711     12.557732746270      0.261552747007
   21     -2.885805192885      4.795057459548      3.324505297987
   21      2.749433165734     10.538644991965      3.324422786160
    8     10.850965235037      1.362420068363      0.313018700238
    8     -3.388211270100      6.297054352914      6.532761830537
    8      3.083000662954     -1.731743881697      9.342251824274
    8      4.408833127286      9.239797366552      3.158859529353
    8      6.035514452966     -3.278575568474      6.226966976698
    8      1.562367816309     10.816671635814     -0.018058355541
    8      9.015713426735      4.346531966555     -2.788273677147
    8     -1.536805907444      3.157449706699      3.501413833654
    8      1.846761363805      9.241996367719      4.730497258820
    8     -2.036536834449      6.095419740853      4.746463509342
    8     -5.882922382157      5.970740824488      4.974386820254
    8      5.712863312741      9.287943779714      4.991653886027
    8     -1.660978897515      5.709803310113      1.872970938772
    8      1.564691647801      9.567784628449      1.854386349908
    8      1.383371664075     13.388176226514      1.615176887240
    8     -1.614125623684      1.907446818970      1.635038709734
    8     11.350011702666      3.714699460141     -1.258596179879
    8      3.945651862237     11.591259513452     -1.192870562753
    8      3.845537214162     -4.060136065550      8.082611632691
    8      3.697864844442     11.681136864645      1.890919768144
    8     -1.536065599998      3.553812297682      6.902989440204
    1      3.997446751491     -3.095281171329      4.788411791728
    1      3.680990406094     10.667153170018     -1.323982392180
    1     10.603763036848      3.937601031270      1.678440014600
    1     -3.025156819649      3.783921620892      7.904010388665
    1     -0.122724803929      7.715502702828      4.895352754780
    1      7.599787048117      7.618348820536      4.822614831642
    1     -0.038077525995      7.634879080035      1.693275166332
    1      7.574133763961      7.623944981765     -4.438332460245
    1      9.529874782557      0.856754539096      2.342232297668
    1      5.656818019276     -1.014194092353      2.344808326544
    1      1.738518548834     -1.201502752553      7.337654467396
    1      5.680929158450      8.645934575603      1.149285926704
    1      6.576124300075     -1.967437498309      4.223918610469
    1      8.644554770413      1.793273419556      4.217120235363
    1      8.490135666248      5.636659174888     -0.769692018030
    1     -1.142079051837      1.738690382921      5.510684266125
    1      0.114372651017      4.805602101684      6.559127736441
    1      0.410428567538      3.063485612170      6.302892338938
    1      0.205924544523      3.698117912001      7.952818373508
    1     -1.922754281955      3.715350784775      6.018630231084
    6      9.759988435184      1.155325537867     -0.307038629913
    6     -2.283979151294      6.478822580318      5.937073251274
    6      2.016829122352     -1.454881058616      9.985680156752
    6      5.479468874460      8.960957808865      3.783946528329
    6      6.322557816932     -2.222089720381      6.872985068926
    6      1.269259867286      9.763170125597      0.636209379521
    6      8.769229616047      5.425090620259     -3.409392636106
    6     -1.315722129176      2.080747211438      2.857575937368
    6      7.592531025619     -0.074740039084      2.544748847603
    6      7.530570021076      7.556287278055      0.932197202996
    6      7.606746748172     -0.085660646051      4.024437277152
    6      7.518630799756      7.552308990318     -0.547046965319
    6     -0.118586878768      7.705755623350      5.976197351445
    6      7.580069721754      7.601188806253      3.741830014988
    6     -0.051976227487      7.638584434931      0.612286224443
    6      7.552686553085      7.603142817472     -3.357837136698
    6      8.663190877169      0.463109241598      1.826516113415
    6      6.513414617169     -0.598620975733      1.829583708838
    6      0.910778070035     -0.745532744636      7.866005602920
    6      6.510005845533      8.174517704122      1.657156671680
    6      7.023852118767     -1.129876566168      4.743896271659
    6      8.208211317462      0.951579681536      4.739431903348
    6      8.074372358878      6.499494654372     -1.274236881278
    6     -0.700673385174      0.912508593999      4.972858396031
    6      8.647354401923      0.502410745654      0.434294672402
    6     -1.179980304371      7.143548408952      6.677024430872
    6      0.926277271569     -0.749149428750      9.259339529609
    6      6.544788448592      8.222551423749      3.049083494964
    6      7.016920943088     -1.127436630137      6.138462180283
    6      0.556766641498      8.674207109572     -0.091409997727
    6      8.105405187158      6.529123536789     -2.667183610398
    6     -0.692053447026      0.940129695746      3.580540122100
    6     -0.118741014583      3.799694843107      6.916592825157
    0    0
