   3   1   1 E -6.1237278994425E+03 DE 5.1E-08( 16)
 -0.792268700888E+01  0.748802720591E+01  0.623636836388E+01
  0.792026430030E+01 -0.748628068378E+01  0.622658399778E+01
  0.789041495476E+01  0.745805875479E+01 -0.623062606969E+01
    1
  0.100000000000E+01  0.000000000000E+00  0.000000000000E+00
  0.000000000000E+00  0.100000000000E+01  0.000000000000E+00
  0.000000000000E+00  0.000000000000E+00  0.100000000000E+01
  0.000000000000E+00  0.000000000000E+00  0.000000000000E+00
   88
   21      4.609932962552     -4.674352295090      6.484777181143
   21     -5.249631525291      4.931557667497      6.492053527423
   21     -3.280796172013      4.907620407180      3.337992751039
   21      2.603478429844     10.317091720347      3.341693570628
    8     10.867690012974      1.467690651364      0.367647070473
    8     -3.670866400665      6.311359924261      6.577092320359
    8      2.905209064099     -1.352311839330      9.371191578099
    8      4.293220421321      9.045490318652      3.148538225099
    8      5.891531745078     -3.008037622503      6.258465329071
    8      1.360052505786     10.730832247472      0.051458929105
    8      9.136708386072      4.409301855018     -2.778694593031
    8     -1.876913911314      3.338648710489      3.473991897051
    8      1.703201888953      9.038854950559      4.735468158674
    8     -2.411391283379      6.228449246169      4.720985445112
    8     -6.249115374895      6.096664297591      5.029039625051
    8      5.513745919658      9.022201517706      5.041142075395
    8     -2.105790572317      5.813161634262      1.842440120748
    8      1.405526055001      9.403314668977      1.865966821254
    8      1.359363818650     13.264411730039      1.678562091802
    8     -1.985937676070      1.997779227453      1.670601061471
    8     11.462547819193      3.768292803918     -1.271270307532
    8     -4.183670802526      3.964693468486      4.979552283253
    8      3.677308310488     -3.720600235431      8.106323500292
    8      3.587543617045     11.436108116876      1.873977523394
    8      6.903988220490      3.807072030288      3.333533451299
    1      3.910971138401     -2.797817884512      4.780625101170
    1      3.406211593386     10.515987265315     -1.417005450724
    1     10.617895524624      3.896524720468      1.771395191122
    1     -3.376684931590      3.732183962220      7.959988173845
    1     -0.361195903060      7.645936153998      4.907134241132
    1     -0.366657293605      0.058246242828     11.087336958234
    1     -0.309946250398      7.582133433779      1.703117723594
    1     -0.283007817379      0.171375599770      1.827729250351
    1      9.510533083739      1.027209885422      2.371543263311
    1      5.587628694470     -0.711863511801      2.361977630513
    1      1.569025779162     -0.841906178247      7.382367200478
    1      5.593795471184      8.483556102834      1.167637035725
    1      6.471802545413     -1.707089961731      4.226578409479
    1      8.600548881127      2.014629693646      4.241394345911
    1      8.569843266218      5.683943159537     -0.726592789921
    1     -1.395524043818      1.994056663312      5.525097261815
    1      7.334609761888      4.679471188456      3.333743724049
    1      5.490160481639      4.679597548327      4.596123202138
    1      4.980202791443      4.492458887188      2.903876306915
    1      4.162926746504      2.327112045632      2.082335016813
    1      3.036362128908      0.208884970318      2.666221539468
    1      3.095048953982     -0.621115401690      5.005242205367
    1      4.331871833258      0.654271092171      6.737062129982
    1      5.450643018096      2.776810720928      6.138214152298
    6      9.789070323698      1.260193042476     -0.273860367130
    6     -2.588074226374      6.526841275801      5.944940247422
    6      1.842740378558     -1.114345727511     10.028678036565
    6      5.338781638685      8.753861053740      3.812714836169
    6      6.171930818364     -1.931633712708      6.875415373733
    6      1.069035524886      9.655248892498      0.665880103702
    6      8.908671693782      5.507115736708     -3.371029854295
    6     -1.638972058521      2.249368969598      2.868636039319
    6      7.549393811194      0.154100424722      2.562593985249
    6     -0.368369116247      0.085113988910      7.193532043177
    6      7.557599920002      0.142725037935      4.040178899453
    6     -0.356709839905      0.108537358201      5.715072894552
    6     -0.365289988795      7.645771419870      5.987946709957
    6     -0.372189634181      0.057055548815     10.006098790789
    6     -0.324331053285      7.594280595863      0.622267986207
    6     -0.304325217142      0.153306084800      2.908044669591
    6      8.639901607037      0.651968546022      1.849768474304
    6      6.461533355153     -0.343011953883      1.843257305647
    6      0.702592808405     -0.457492903367      7.905270485919
    6      6.451477407598      8.073181191197      1.685298279564
    6      6.949439493893     -0.890005887089      4.751365931825
    6      8.179520489324      1.164607651515      4.759635987184
    6      8.133356711240      6.533218393491     -1.236931342468
    6     -0.936480711514      1.162424407843      5.004926567153
    6      8.640469069297      0.670477257438      0.456493597149
    6     -1.452017058512      7.129385437014      6.685360868173
    6      0.697208126207     -0.493244122311      9.299409855229
    6      6.454400138693      8.084043839139      3.079483604545
    6      6.934889080828     -0.890638763730      6.144936515422
    6      0.314984625277      8.613315235572     -0.075219141067
    6      8.185570637895      6.568698335835     -2.627814252066
    6     -0.935848796076      1.171259302501      3.611833625324
    6      5.525407061003      4.012488754268      3.726761962647
    6      4.878426985457      2.697507425230      4.071773019827
    6      4.200617841607      1.960181041765      3.102064228951
    6      3.565125585511      0.766065441759      3.430446988849
    6      3.610801283063      0.296970007387      4.740212575975
    6      4.291216367159      1.019983476528      5.716846072389
    6      4.920633514544      2.211793188060      5.379851478843
    0    0
