   3   1   1 E -6.1225363987733E+03 DE-3.3E-09( 19)
 -0.771692986234E+01  0.766694394124E+01  0.624275693388E+01
  0.770285356471E+01 -0.765325889417E+01  0.621490700536E+01
  0.774796186935E+01  0.768996849585E+01 -0.622873706533E+01
    1
  0.100000000000E+01  0.000000000000E+00  0.000000000000E+00
  0.000000000000E+00  0.100000000000E+01  0.000000000000E+00
  0.000000000000E+00  0.000000000000E+00  0.100000000000E+01
  0.000000000000E+00  0.000000000000E+00  0.000000000000E+00
   86
   21      4.656343164030     -4.613180429297      5.942775216041
   21     -5.019123090611      5.093065822507      6.002573911368
   21     -3.013978412593      5.075729442056      2.852755775149
   21      2.678330964586     10.766958116658      2.837145743255
    8     10.794588358313      1.722331667254     -0.163364501873
    8     -3.435623252856      6.495154950474      6.087038996363
    8      2.995452322048     -1.319412809118      8.858179856388
    8      4.316168236710      9.439944675332      2.688345993170
    8      5.918268043329     -2.914471063772      5.748398595617
    8      1.491208422193     11.072502814061     -0.483604074785
    8      8.951928378082      4.641894802380     -3.290357613001
    8     -1.621425107310      3.481522145068      2.992077434812
    8      1.766594467042      9.496873256964      4.256324951943
    8     -2.134169868962      6.373165798776      4.256793526262
    8     -5.959782612573      6.290571142785      4.514815028321
    8      5.636551011238      9.534840918560      4.509163049221
    8     -1.815556297376      6.020130403626      1.384646516844
    8      1.494057221427      9.801628322266      1.373094256384
    8      1.357930467458     13.628977010505      1.133798907994
    8     -1.745991242137      2.198879375453      1.148982009188
    8     11.325934959860      4.054166986608     -1.777675835835
    8     -3.919972592338      4.145831078127      4.489428472358
    8      3.725971571490     -3.683466559611      7.587087401858
    8     -4.108439272457      4.213685152483      7.636227220781
    8     -1.364111570489      4.174783582914      7.888187452478
    1      3.939746233171     -2.761984703290      4.235668223338
    1      3.575800466001     10.909352177871     -1.870786076138
    1     10.553422210965      4.267731854634      1.203102836029
    1     -3.122972101156      4.241044484890      7.687615566587
    1     -0.177604014463      7.937926470778      4.416249469026
    1     -0.201158011848      0.216682003349     10.565992604461
    1     -0.176498762620      7.922575169107      1.215155809822
    1     -0.197433942806      0.237925385658      1.305845479146
    1      9.480374532183      1.194970794134      1.861975448215
    1      5.621214437293     -0.697779793327      1.864542390531
    1      1.637379613575     -0.834903950783      6.854896523641
    1      5.594037761093      8.873482094249      0.666141855823
    1      6.521494121763     -1.636533033427      3.732374861588
    1      8.591659105761      2.125016775728      3.732593173074
    1      8.457473557037      5.942853268962     -1.252886502155
    1     -1.261958361067      2.070215747094      5.012445534281
    1     -1.019679780482      4.305309046521      5.895945208955
    1      0.910005649629      3.632055447470      4.790092096785
    1      3.162138958320      2.577747748202      4.759810457813
    1      4.193070222448      1.828312016545      6.882020368474
    1      3.011005350801      2.147163729466      9.026512045992
    1      0.747672181099      3.197576380149      9.049083278685
    6      9.708344611412      1.493837688337     -0.783825793892
    6     -2.351103379588      6.712012897541      5.465231730971
    6      1.926751297911     -1.072278556278      9.508828364727
    6      5.398932026527      9.197550290756      3.305419366280
    6      6.196922670411     -1.850066093312      6.385484510586
    6      1.188542980491     10.017264714568      0.160777384245
    6      8.741689517306      5.733475199414     -3.902135900129
    6     -1.427295561609      2.392515984075      2.362762644814
    6      7.548545890095      0.251162121189      2.062757290382
    6     -0.267190789074      0.157329623549      6.676393523695
    6      7.546206736054      0.249780328367      3.540575037770
    6     -0.270947768369      0.163748216233      5.197239936068
    6     -0.175185981019      7.930414556016      5.497072653504
    6     -0.221818309487      0.196766242708      9.485345475032
    6     -0.174597811225      7.919163564347      0.133949243874
    6     -0.220368314137      0.216784450786      2.386172444914
    6      8.618139389643      0.791711648873      1.346373139555
    6      6.474681997376     -0.280329319761      1.348107721885
    6      0.794169137652     -0.409929048984      7.383850183658
    6      6.442729155008      8.433667304912      1.173781627504
    6      6.948791025029     -0.789560760206      4.255959718599
    6      8.140313613081      1.291062453511      4.254733765312
    6      8.042505136873      6.805092769565     -1.759172919557
    6     -0.819839652671      1.234307213731      4.488114180854
    6      8.605524043848      0.822726848750     -0.045676273395
    6      6.479826077137     -0.298084141082     -0.044866290259
    6      0.808564843488     -0.414729869076      8.777213186534
    6      6.474856088961      8.480451565272      2.565742891349
    6      6.910349509659     -0.767976935896      5.649661768036
    6      0.457220958735      8.942333101274     -0.567642470998
    6      8.082129014104      6.836196790768     -3.152066449093
    6     -0.805402819450      1.259464248653      3.095716126560
    6     -0.640902999408      4.032868708900      6.897493337385
    6      0.707091308088      3.481296592833      6.924091356355
    6      1.385080848609      3.314327962645      5.712107765138
    6      2.639018385682      2.720928453855      5.697093838861
    6      3.218042212929      2.303015466919      6.892037953343
    6      2.550901846805      2.483309338990      8.105271976336
    6      1.298030783453      3.069423384520      8.125585243961
    0    0
