   3   1   1 E -6.1225258484370E+03 DE-5.9E-08(  9)
 -0.765578312338E+01  0.776416497621E+01  0.622292004186E+01
  0.766591803765E+01 -0.776630977430E+01  0.623777297894E+01
  0.762965439542E+01  0.774466180361E+01 -0.622434118353E+01
    1
  0.100000000000E+01  0.000000000000E+00  0.000000000000E+00
  0.000000000000E+00  0.100000000000E+01  0.000000000000E+00
  0.000000000000E+00  0.000000000000E+00  0.100000000000E+01
  0.000000000000E+00  0.000000000000E+00  0.000000000000E+00
   86
   21      4.767387848433     -4.866697140694      6.107882401206
   21     -4.994336112409      4.878395390653      6.098559954206
   21     -2.947267107736      4.913490020650      2.995458548263
   21      2.702929255768     10.621311106003      2.996858799534
    8     10.676460855420      1.650752549455      0.108284390219
    8     -3.282176678627      6.110853737280      6.330525769517
    8      3.142864416131     -1.460037699379      9.118482401640
    8      4.281940358517      9.223536851340      2.887931287642
    8      6.204496978558     -3.332924695859      6.033900488877
    8      1.262872794296     11.018713141514     -0.221818024914
    8      9.130397491610      4.567126258395     -2.996517976545
    8     -1.808837868523      3.137182796000      3.216137647917
    8      1.737337587006      9.460968892744      4.483106262148
    8     -2.001724446722      6.085554840288      4.479065778529
    8     -5.826021712860      6.213378812568      4.709707092208
    8      5.572437039181      9.300944554055      4.723848424830
    8     -1.592469464603      5.737761084758      1.620107343801
    8      1.394094006944      9.733078765399      1.616563505757
    8      1.442208762050     13.566710281289      1.346407196991
    8     -1.757566750261      1.896022690962      1.341554416633
    8     11.502993607456      3.820638211692     -1.764042596029
    8     -4.098463176639      3.950309128225      4.449515948622
    8      3.793810011590     -3.720390957424      7.553079356743
    8      3.621176013361     11.504308374714      1.337289977386
    8      0.699559174344      3.956270057962      6.338197340067
    1      3.595749396147     -3.009206867009      4.623147287114
    1      3.831178752816     10.787387014404     -1.610916817281
    1     10.495754979372      3.781068866501      1.470387509374
    1     -3.070141926416      3.980528475887      7.668718982020
    1     -0.153457591385      7.796516054153      4.643635885257
    1     -0.106456136979      0.002297168044     10.779074362775
    1     -0.063708347228      7.712292261553      1.450114807765
    1     -0.168331519439     -0.032308735263      1.519094244259
    1      9.398833047107      1.056999681686      2.111399226956
    1      5.707610866599     -1.134806642861      2.119788152244
    1      1.827963691471     -0.939134706157      7.090102960520
    1      5.617773806160      8.735760330450      0.861769803460
    1      6.674033230725     -2.001935125560      4.000428544205
    1      8.460614856706      1.909627707664      3.992706623031
    1      8.564737096392      5.880217445284     -1.006077444735
    1     -1.128772524089      1.897388384859      5.213546184510
    1      1.878549472600      5.591764358671      6.515000443146
    1      2.839538587453      6.797278426222      4.702522095462
    1      3.244608077193      7.127286238622      2.286198785181
    1      2.367172905972      5.477893494616      0.653956385893
    1      1.110653703065      3.495662258308      1.436582296017
    1      0.690515073250      3.196869178423      3.880858832128
    6      9.608129128242      1.380428401677     -0.529365756050
    6     -2.218727808558      6.392902956939      5.692199191395
    6      2.058842508425     -1.225448299726      9.738007832969
    6      5.366616183436      8.987029256516      3.510166456327
    6      6.411345348874     -2.240961985578      6.652077819086
    6      1.069381467763      9.929693120697      0.402129472056
    6      8.821306799672      5.614709594338     -3.651847262750
    6     -1.487649551632      2.091695590708      2.567191958147
    6      7.553330896582     -0.037693818756      2.314793775193
    6     -0.095417589118      0.020267462770      6.888738564029
    6      7.569716011743     -0.047794662803      3.795107111937
    6     -0.104971929045      0.012804444292      5.410692898770
    6     -0.142085091903      7.780737989289      5.724168582015
    6     -0.102626273151      0.008948768797      9.698350270000
    6     -0.073962992134      7.716707019141      0.369616280284
    6     -0.150343899565     -0.020196081569      2.599964417804
    6      8.566009980671      0.597930272581      1.594356331391
    6      6.523802926134     -0.651601452224      1.598188984071
    6      0.969216004532     -0.528164546396      7.605620750047
    6      6.468313150078      8.312385077987      1.380196506847
    6      7.064379491115     -1.132892705404      4.515113902927
    6      8.084101868195      1.036381488200      4.510341715128
    6      8.110113057179      6.712116244680     -1.528644350273
    6     -0.712030126923      1.044801718364      4.693316961208
    6      8.537297761249      0.649193259791      0.201722095867
    6     -1.142931250898      7.116715546567      6.427142946144
    6      0.956707164035     -0.557072590445      8.998722554773
    6      6.472418626420      8.327581612058      2.772761527644
    6      7.050857084343     -1.124064812272      5.909067829124
    6      0.451956841220      8.794611410759     -0.334106495777
    6      8.116012025545      6.705224564259     -2.922503229522
    6     -0.764450554268      1.015384786919      3.300074361156
    6      1.413696713034      4.830250524795      5.858667646643
    6      1.714562563982      4.983510794041      4.427856730493
    6      2.450758271076      6.084738756523      3.983521560773
    6      2.684570483372      6.266100040334      2.626450561681
    6      2.192475414795      5.335937610658      1.714309601940
    6      1.481051164784      4.219298965082      2.153842503390
    6      1.242120987185      4.045946202726      3.506584160118
    0    0
