   3   1   1 E -5.9656205210860E+03 DE 1.1E-08(  3)
 -0.779399221911E+01  0.760356088518E+01  0.623397710373E+01
  0.779566949864E+01 -0.760100488112E+01  0.623348068873E+01
  0.780878822619E+01  0.761602669339E+01 -0.623109883576E+01
    1
  0.100000000000E+01  0.000000000000E+00  0.000000000000E+00
  0.000000000000E+00  0.100000000000E+01  0.000000000000E+00
  0.000000000000E+00  0.000000000000E+00  0.100000000000E+01
  0.000000000000E+00  0.000000000000E+00  0.000000000000E+00
   75
   21      4.830464188760     -4.775069398356      6.232610961610
   21     -4.928171843104      4.906567891422      6.223971996792
   21     -2.922970405728      4.882973530903      3.090140105499
   21      2.840359102238     10.462474692712      3.095161730756
    8     11.020230781640      1.492236242264      0.122957098993
    8     -3.320077858308      6.266666769829      6.333115250959
    8      3.190986176954     -1.434842317273      9.146316139341
    8      4.544456312484      9.214899398861      2.887994915734
    8      6.077148640437     -3.069326869395      5.998521524330
    8      1.609808833296     10.833283407026     -0.232606440235
    8      9.262905353905      4.455981104322     -3.007032183643
    8     -1.523926464817      3.305170071614      3.219524444299
    8      1.970861563094      9.158577325983      4.493403019712
    8     -2.034978959390      6.175387018350      4.491825624860
    8     -5.884343679222      6.103265131796      4.764221174602
    8      5.779256112822      9.221247595589      4.770958129399
    8     -1.733891627774      5.811483627346      1.615762681997
    8      1.631149563587      9.551036076841      1.618045035562
    8      1.575087040374     13.368825272694      1.402857674184
    8     -1.623796629163      1.996610362470      1.392497753312
    8     11.566417938466      3.792510161270     -1.515499138953
    8     -3.850895412168      3.939776808996      4.719971660659
    8      3.908448720150     -3.843585114713      7.863079466964
    8     -3.996485803237      3.955874331770      7.844240096434
    8      8.599898328721      3.836816298147      2.025234746082
    8      6.408855390816      4.637531838610      2.194166682850
    1      4.001514771133     -2.895658525605      4.579409465887
    1      3.678284746960     10.641818635142     -1.672301132627
    1     10.748947376477      3.826498797842      1.612253807930
    1     -3.074129247171      3.696664479168      7.697427965831
    1     -0.039467996319      7.674828042239      4.662544227181
    1     -0.047323918268      0.066943629305     10.828557478664
    1     -0.051106455108      7.679449487486      1.455730813657
    1     -0.035149296164      0.071001487111      1.563984095748
    1      9.683636863319      0.997720184300      2.124380739082
    1      5.792927049544     -0.827855023361      2.114907924481
    1      1.877544890667     -0.902278085938      7.137420637904
    1      5.855677256477      8.656404452814      0.898810842407
    1      6.662940519761     -1.772091583763      3.992626407560
    1      8.815276244861      1.941958334902      3.993999895556
    1      8.769021516014      5.782776115116     -0.975770155390
    1     -1.029227481951      1.979787005776      5.252632274779
    6      9.948410597105      1.257677487505     -0.518278270441
    6     -2.238311539488      6.492970697485      5.704891561108
    6      2.120556674600     -1.185499265918      9.783500330618
    6      5.598572182573      8.939183072051      3.546211152493
    6      6.371122735434     -2.009112517565      6.637351967209
    6      1.317822755052      9.772420646129      0.407391160997
    6      9.034337632982      5.541425372103     -3.624792935573
    6     -1.294711819240      2.220523066939      2.601013957787
    6      7.738079641036      0.086015686685      2.319384616681
    6     -0.037815990805      0.071921481689      6.934966316768
    6      7.736854820722      0.086573086334      3.797851127283
    6     -0.036935982386      0.072409437934      5.454915576249
    6     -0.044392546539      7.680440303259      5.743437827542
    6     -0.044087202577      0.069694968256      9.747508180235
    6     -0.054002968539      7.682377699462      0.374670668555
    6     -0.035872782942      0.071546521803      2.644832491126
    6      8.820313055557      0.603116834139      1.605379107589
    6      6.661286656572     -0.436162404310      1.600567804419
    6      1.022912801046     -0.483775364340      7.653435270004
    6      6.709391787890      8.243984484692      1.421039535766
    6      7.123156194569     -0.942283736012      4.513654044578
    6      8.352416775875      1.113424612951      4.515180601765
    6      8.337595975433      6.631426800774     -1.492152439368
    6     -0.601635846586      1.129169984627      4.737009719391
    6      8.818241270361      0.623694786823      0.212305606924
    6     -1.119096528835      7.138793316153      6.441799069897
    6      1.011973790595     -0.509741099118      9.048488206391
    6      6.713173041050      8.268711382285      2.814682087568
    6      7.100374518290     -0.935468815848      5.906349273436
    6      0.584492567621      8.702116044195     -0.325056144882
    6      8.358801212209      6.639628979739     -2.885320367694
    6     -0.622167770785      1.120455407210      3.343592419578
    6      7.503543226629      4.245027201574      2.112656192240
    0    0
