   3   1   1 E -6.0092191989921E+03 DE-1.1E-07(  3)
 -0.780165744104E+01  0.759345039433E+01  0.623961238783E+01
  0.781978787797E+01 -0.759792253450E+01  0.622012485574E+01
  0.776257623625E+01  0.766067506682E+01 -0.623172062291E+01
    1
  0.100000000000E+01  0.000000000000E+00  0.000000000000E+00
  0.000000000000E+00  0.100000000000E+01  0.000000000000E+00
  0.000000000000E+00  0.000000000000E+00  0.100000000000E+01
  0.000000000000E+00  0.000000000000E+00  0.000000000000E+00
   84
   21      5.204377897381     -4.341891588696      6.530217901729
   21     -4.657179914661      5.276790521569      6.533802266198
   21     -2.656323990900      5.303786432279      3.415112516602
   21      3.133945818373     10.877960865207      3.407844965549
    8     11.276623450442      2.037764242307      0.510116159630
    8     -2.937072742673      6.498568226407      6.730171063639
    8      3.590335953754     -0.889717355381      9.535617189740
    8      4.787778311409      9.552968896497      3.252335383128
    8      6.529190203671     -2.704061045093      6.388339954024
    8      1.754566257029     11.326546548370      0.158657414062
    8      9.674760333119      4.979085690114     -2.594907144008
    8     -1.300379383071      3.683681275349      3.587154729780
    8      2.243015070037      9.629479713008      4.865627460750
    8     -1.675729454493      6.474999695729      4.870668690893
    8     -5.513986645383      6.631979589988      5.161316458041
    8      6.037910977270      9.634804992441      5.118046366856
    8     -1.416188637462      6.207183427681      1.987573200942
    8      1.814952377859     10.038881974925      2.000018601653
    8      1.884020759022     13.826794346609      1.774629569353
    8     -1.361298017106      2.365348007411      1.764997471423
    8     12.005740824362      4.241848067807     -1.315890639647
    8     -3.773206803218      4.342015860214      4.880006989398
    8      4.222692971260     -3.280026960925      8.041186336007
    8      4.060501982811     11.848681957314      1.808333532428
    1      3.995284239223     -2.491970997109      5.052126364816
    1      3.830000683069     11.047435058471     -1.402750383258
    1     11.057928511296      4.131947679001      1.939147058203
    1     -2.762776003278      4.394922162322      8.155349625778
    1      0.285282302292      8.048772395732      5.035366560097
    1      0.287775149405      0.496394164996     11.187174689396
    1      0.179112244873      8.130207708902      1.834663138217
    1      0.303204926696      0.479243188116      1.927343465983
    1      9.925749812524      1.527735019599      2.504709476097
    1      6.135124395067     -0.477327677186      2.480563838672
    1      2.300520297214     -0.363835043102      7.519683392959
    1      6.190812403915      9.151663122201      1.238137349996
    1      7.014872512586     -1.366840599090      4.359368493468
    1      9.018365159331      2.432203532423      4.369253528982
    1      9.141419764982      6.321209711121     -0.590935036234
    1     -0.614872135909      2.460640795971      5.598495215400
    1     -2.836893819054      1.877445374656      5.648202739190
    1     -3.170036409630      1.124048892887      3.295313275492
    1      3.358014384004      6.706491616280     -3.392425882990
    1      2.439723001102      5.366866947273     -1.518043690492
    1      2.760856161592      6.120414554595      0.814030233742
    1     -3.759329302450      0.554050596204      7.513722961055
    6     10.221066251008      1.759253169290     -0.146407498237
    6     -1.876381353232      6.782233714000      6.085405407707
    6      2.510229290021     -0.658283321033     10.164312802550
    6      5.866060626879      9.340888085273      3.892724563773
    6      6.742877606259     -1.611952438160      7.003551944106
    6      1.488168282809     10.256174609132      0.789849091751
    6      9.396897258638      6.039008668973     -3.242784678436
    6     -1.008882252453      2.616581666600      2.963038276502
    6      8.027616271044      0.530670520993      2.687511954801
    6      0.367315856730      0.567156574064      7.296873264461
    6      8.008708764800      0.539530360650      4.164866654684
    6      0.383102643009      0.564132732122      5.817192349625
    6      0.268939997243      8.071756577621      6.116121108997
    6      0.309910319611      0.519361873374     10.106716424348
    6      0.178366830453      8.134671858328      0.753874922018
    6      0.333209255650      0.508384890718      3.007505462174
    6      9.087814232560      1.095568644883      1.975578686997
    6      6.988551718485     -0.055759465131      1.965380617597
    6      1.428249558705      0.029039390639      8.026353114440
    6      7.040074504431      8.745538689938      1.769154397481
    6      7.437495242997     -0.515490651774      4.877520607417
    6      8.577409796692      1.589864259395      4.885069201833
    6      8.710859405498      7.161519728910     -1.120785476793
    6     -0.191906996318      1.605514182447      5.088897923700
    6      9.104103845352      1.090672742712      0.581302473323
    6     -0.785711435011      7.487685283525      6.813291288903
    6      1.395746939668     -0.012255427384      9.418992353684
    6      7.014333872496      8.737076997391      3.163177558414
    6      7.409292958802     -0.507490533695      6.269441753552
    6      0.777649549283      9.176945388169      0.056957811635
    6      8.716795778783      7.145295158855     -2.514275386464
    6     -0.254024043221      1.563814290009      3.696972617783
    6     -3.393752219557      0.971862241624      5.438532747768
    6     -3.572155248434      0.550877819235      4.122217640479
    6      3.498450566541      7.032836830491     -2.369049800709
    6      2.985430444833      6.281293877525     -1.316385034172
    6     -4.595022155976     -0.956976953826      6.228158181613
    6     -3.901293103607      0.219190876757      6.493400267278
    0    0
