   3   1   1 E -5.8903481308358E+03 DE-1.4E-07(  3)
 -0.771048977051E+01  0.770756261201E+01  0.623532691208E+01
  0.771079918889E+01 -0.770367932711E+01  0.623092969226E+01
  0.770836657917E+01  0.770154725949E+01 -0.623055740003E+01
    1
  0.100000000000E+01  0.000000000000E+00  0.000000000000E+00
  0.000000000000E+00  0.100000000000E+01  0.000000000000E+00
  0.000000000000E+00  0.000000000000E+00  0.100000000000E+01
  0.000000000000E+00  0.000000000000E+00  0.000000000000E+00
   74
   21      4.923088006340     -4.872267672497      6.245150531666
   21     -4.784365970557      4.906170683751      6.252895090687
   21     -2.750755451056      4.868033348751      3.133471975250
   21      2.893831190084     10.573863484254      3.129090429818
    8     11.034282318531      1.456792794018      0.131505648405
    8     -3.200475598790      6.296302734194      6.363942238611
    8      3.247536921712     -1.596649579308      9.139242824091
    8      4.592350258038      9.321954306161      2.922181905640
    8      6.163104327686     -3.160841304450      6.020682621820
    8      1.687213443404     10.896191174758     -0.202331523634
    8      9.218316976719      4.454147457979     -2.988095844797
    8     -1.383589446091      3.263522452975      3.262106573737
    8      2.035978101368      9.259067067027      4.527123260724
    8     -1.904586226421      6.192374876191      4.530088661021
    8     -5.720066071949      6.098390027873      4.776321745416
    8      5.861948255352      9.342169294548      4.780569265176
    8     -1.548742311166      5.795375932333      1.660237788108
    8      1.694947575403      9.633934779804      1.660994495432
    8      1.595346023678     13.454327253824      1.410548060147
    8     -1.471927078824      1.986743999085      1.414425460074
    8     11.518848707202      3.800455212719     -1.462835527814
    8     -3.673083406661      3.941460103558      4.770992718903
    8      3.992191431948     -3.947009301768      7.884259361408
    8      3.861033674348     11.693896046111      1.660100807491
    8     -0.622327105089      3.841083945486      7.161502212741
    1      4.087441447713     -2.985660850665      4.609456460816
    1      3.785524553581     10.717126449912     -1.599876627832
    1     10.784645522252      4.030458898709      1.496358265510
    1     -2.910184837599      3.780664984298      7.757763737792
    1      0.061780576995      7.733536060189      4.694788286976
    1      0.073090001169      0.016368854760     10.842526044978
    1      0.072908004689      7.714953389259      1.491600366505
    1      0.066331872918      0.014874050064      1.579305324417
    1      9.706169995527      0.958156603887      2.151496417298
    1      5.829421027494     -0.900308809684      2.149418921071
    1      1.934333916534     -1.033485967485      7.141457607105
    1      5.876807903568      8.728783165577      0.923582704349
    1      6.734236214610     -1.855459645859      4.023462381564
    1      8.808770154828      1.902266005370      4.029694010123
    1      8.713088887237      5.771506504061     -0.966100787127
    1     -0.924815259442      1.910509584497      5.275606395902
    6      9.952709592652      1.231506675153     -0.495525306707
    6     -2.119499502137      6.525012377660      5.738950867436
    6      2.189738310994     -1.310993560278      9.788040989511
    6      5.652615880587      9.036480772636      3.565114900719
    6      6.454031078592     -2.105939320138      6.670602657062
    6      1.396265225852      9.838732310614      0.443667622320
    6      8.986210667681      5.535677696006     -3.611915970930
    6     -1.157109978384      2.184557291626      2.630269187985
    6      7.767372662142      0.029419095169      2.351189046135
    6      0.048791994983     -0.007180287722      6.950288479233
    6      7.769967689733      0.024578600875      3.830523446928
    6      0.045531449566     -0.006913320356      5.471035780069
    6      0.058867580179      7.737252336739      5.775585008437
    6      0.065797198795      0.009098212010      9.761479603283
    6      0.068392447941      7.718959472845      0.410510155302
    6      0.059079800639      0.008489364177      2.660134825247
    6      8.842559422003      0.559423152040      1.634496123907
    6      6.691673708585     -0.497093183115      1.633876199211
    6      1.095346328874     -0.592685173952      7.664588511829
    6      6.718505192887      8.286454559030      1.439936846567
    6      7.178430202812     -1.017702199227      4.545936514327
    6      8.366141172844      1.061929048990      4.549055479145
    6      8.301807664608      6.631311283250     -1.479558180257
    6     -0.499842070412      1.061658690258      4.756709416555
    6      8.835212709981      0.583149689350      0.241681745703
    6     -1.009433362713      7.186750348512      6.475272322721
    6      1.095198861796     -0.610744536192      9.058085973235
    6      6.736469548275      8.322084219236      2.833035029099
    6      7.158064051640     -1.014222379942      5.939674384090
    6      0.684873651977      8.752965941810     -0.288696451875
    6      8.327823753655      6.645480573625     -2.872498750489
    6     -0.510233803122      1.064401715372      3.363512779599
    6      0.350987109780      4.147053215747      6.651570244160
    0    0
