   3   1   1 E -6.1225214646940E+03 DE-1.3E-07(  6)
 -0.783589952261E+01  0.757209573678E+01  0.623203429740E+01
  0.783382987201E+01 -0.756906964813E+01  0.623233174237E+01
  0.782736970402E+01  0.755824923823E+01 -0.623585925453E+01
    1
  0.100000000000E+01  0.000000000000E+00  0.000000000000E+00
  0.000000000000E+00  0.100000000000E+01  0.000000000000E+00
  0.000000000000E+00  0.000000000000E+00  0.100000000000E+01
  0.000000000000E+00  0.000000000000E+00  0.000000000000E+00
   86
   21      4.736722907222     -4.649560966088      6.414000512945
   21     -5.074062685294      5.047453640284      6.413362506989
   21     -3.076834566793      4.983845058744      3.277085415423
   21      2.727124356914     10.519248189142      3.273187220222
    8     10.980773552995      1.516861434660      0.272572201062
    8     -3.449458441536      6.384102273107      6.513879365145
    8      3.059543959655     -1.335308873133      9.297449388527
    8      4.451580209616      9.301233177778      3.053178050142
    8      5.987362044174     -2.947461015080      6.178874718339
    8      1.509268848321     10.891236149243     -0.049049539516
    8      9.157885184454      4.511493040238     -2.825763134291
    8     -1.697544485645      3.397160782738      3.406885415732
    8      1.890520502390      9.148332183211      4.640005979629
    8     -2.187446089379      6.291077051746      4.656248946746
    8     -6.022302385368      6.207774084160      4.936309958168
    8     13.520467919786      1.751821879730     -1.297916360751
    8     -1.909606357073      5.923560140902      1.783127761641
    8      1.536989592141      9.583424392099      1.785818478848
    8      9.255148368332      5.819186273058     -4.649875181949
    8     -1.802620446499      2.083788190544      1.588202384284
    8     11.439488936627      3.876572067588     -1.296867258104
    8     -3.977663540585      4.059776916480      4.932255247430
    8      3.785725571959     -3.713541618747      8.038360682479
    8      3.686375074647     11.660633615632      1.814985810065
    8      1.316453019961      1.857967583606      0.161153533958
    1      3.854304710903     -2.753903456002      4.797309657678
    1      3.579128549924     10.699256715052     -1.451296732504
    1     10.705969601235      4.139324164541      1.627660746675
    1     -3.225573008667      3.829996299419      7.883785512445
    1     -0.140975207562      7.700002937846      4.825171159596
    1     -0.107539683654      0.287994042895     11.010885052364
    1     -0.260991961182      7.802347954179      1.620674080423
    1     -0.162141804190      0.191653130267      1.741068745344
    1      9.647642790414      1.046712909710      2.280751611579
    1      5.718561576261     -0.699983207183      2.285797280768
    1      1.736840908377     -0.798809716762      7.311927052886
    1      5.748033078741      8.718950257794      1.076679621396
    1      6.566129176191     -1.660327461708      4.161464567912
    1      8.789971526306      2.013020289519      4.161826065039
    1      8.647061064561      5.833099970296     -0.800251689393
    1     -1.180816674578      2.079876743951      5.433892516405
    1      1.305230207515      3.687476576828     -0.708036113352
    1      1.661846726534      5.728365865313      0.384879701933
    1      1.955677302716      7.092478320762      2.441447332949
    1      2.081472177525      5.970690235012      4.640830192282
    1      1.972397568258      3.499910900361      4.793869222119
    1      1.707207221738      2.146892355012      2.717679472450
    6      9.908117081154      1.286712786530     -0.365916368249
    6     -2.371685740427      6.594571991530      5.876337821934
    6      2.002206933869     -1.055115364267      9.952811677085
    6      5.510896579493      9.033941951068      3.711212952143
    6      6.247276998252     -1.873284168769      6.810749068530
    6      1.210439815954      9.830472411799      0.580781872594
    6      8.919598155363      5.595409889031     -3.445611234510
    6     -1.462047117651      2.312508769836      2.791284636577
    6      7.685244220319      0.168291408833      2.484646960913
    6     -0.168175638598      0.188367405287      7.115002706530
    6      7.670620851302      0.181481376823      3.963767829254
    6     -0.177872645027      0.178366394821      5.636579479076
    6     -0.143347622352      7.712963519725      5.905891922051
    6     -0.138694734833      0.241938788826      9.930663105083
    6     -0.233472969075      7.792154409051      0.540908184392
    6     -0.185580856369      0.174601337220      2.821922197224
    6      8.776292887951      0.661187259681      1.766703283901
    6      6.596440227474     -0.333987163174      1.768860310145
    6      0.891806781832     -0.367059516210      7.832994405256
    6      6.606504644854      8.314028871518      1.596832007515
    6      7.024808779657     -0.828628782872      4.680930877022
    6      8.295828264003      1.201975166996      4.681695798049
    6      8.214245604531      6.680631642631     -1.316576622935
    6     -0.752298808411      1.229565702474      4.918667491188
    6      8.773451652901      0.669066411976      0.372219773775
    6      6.606007862082     -0.368625950522      0.377077360213
    6      0.898000490428     -0.367209581694      9.226669389520
    6      6.626740798042      8.363365604172      2.989390019331
    6      6.967393267310     -0.798863991785      6.071900462820
    6      0.454054769071      8.779295977726     -0.156391345241
    6      8.233402626908      6.689012252879     -2.710037746798
    6     -0.780221001982      1.216797828737      3.526568340179
    6      1.410473927974      3.076974428168      0.211888653479
    6      1.645346807803      3.857664215312      1.436622671580
    6      1.732968671777      5.248684932639      1.354572380990
    6      1.896301250644      6.012202953233      2.504148182500
    6      1.970593465570      5.377690826321      3.740405281121
    6      1.908156164518      3.986416018795      3.827531521457
    6      1.755948436794      3.226853885471      2.679744831829
    0    0
