   3   1   1 E -6.1237356443531E+03 DE-2.8E-09(  3)
 -0.789785212475E+01  0.752239843963E+01  0.623371756596E+01
  0.790920155417E+01 -0.750193059669E+01  0.622153666158E+01
  0.787607544164E+01  0.747761548252E+01 -0.621001541220E+01
    1
  0.100000000000E+01  0.000000000000E+00  0.000000000000E+00
  0.000000000000E+00  0.100000000000E+01  0.000000000000E+00
  0.000000000000E+00  0.000000000000E+00  0.100000000000E+01
  0.000000000000E+00  0.000000000000E+00  0.000000000000E+00
   88
   21      5.149568943146     -4.583047530272      5.937956513623
   21     -4.674377528374      5.054571581798      5.970886333893
   21     -2.706741117898      5.019069468826      2.812468461826
   21      3.180842456186     10.459815196816      2.798954278853
    8     11.399768001919      1.569752039227     -0.165617601555
    8     -3.118959289183      6.455833956799      6.043402405190
    8      3.480006415030     -1.253030772963      8.818126013606
    8      4.846411452124      9.149685147316      2.639498026362
    8      6.440361074941     -2.906256221330      5.704196033218
    8      1.957979511521     10.829785404351     -0.495097150568
    8      9.624859437112      4.468738374201     -3.299907335963
    8     -1.355190678517      3.393249671868      2.951778536542
    8      2.266782495723      9.177045080354      4.194850627194
    8     -1.858998112998      6.365737173881      4.186592693728
    8     -5.650385639529      6.243981580924      4.490660883380
    8     13.984641545131      1.657890417444     -1.714126287092
    8     -1.462117753709      5.874409895556      1.336941725951
    8      2.025498003157      9.497377628633      1.315517197987
    8      1.824906398771     13.337793408643      1.133578107502
    8     -1.460865661460      2.074552330503      1.133824402472
    8      4.108844923771     -3.604849183434      4.419746924886
    8     -3.603188559299      4.098851918275      4.451672023689
    8      4.234936012375     -3.600568934005      7.552027872954
    8     -3.730894703934      4.155184385478      7.598192535044
    8     -0.896095445838      3.871213732938      7.506405415207
    1      4.446195860578     -2.714881858787      4.234407645306
    1      4.031903043250     10.646208227700     -1.881939061248
    1     11.187082397644      4.130577989885      1.195210574707
    1     -2.750739481212      4.179409779472      7.595636048311
    1      0.191860226001      7.795391016427      4.365868866080
    1      0.253800679562      0.244541687221     10.546945329545
    1      0.287098198523      7.678833343123      1.168249347868
    1      0.197585249434      0.203940652249      1.286861692089
    1     10.043897679621      1.121799954559      1.828478257777
    1      6.093315111642     -0.569149299507      1.812679144289
    1      2.143023825893     -0.725221443035      6.837528398780
    1      6.095455169132      8.496569216912      0.658337936292
    1      6.939670465051     -1.556305936888      3.689774535940
    1      9.214615231006      2.084598155518      3.704996211901
    1      9.106929591998      5.769094036546     -1.248366209502
    1     -0.871912460456      2.042669530599      4.988104436958
    1     -0.941611496448      2.925159677176      7.292539665865
    1      0.466309054727      5.009496871257      8.512207515977
    1      0.962846200045      3.337751135167      8.261044353663
    1      2.957050613840      5.247697402625      7.732864827262
    1      4.266006867872      6.020914310916      5.790269810946
    1      3.316351557997      5.859378892946      3.505821013902
    1      1.038670979338      4.902224569036      3.189809777579
    1     -0.264058457957      4.163674655415      5.127429222677
    6     10.322297397845      1.365085416739     -0.813344284400
    6     -2.041122103842      6.677521891116      5.406605204161
    6      2.428724917122     -0.986775758322      9.485999082610
    6      5.901871688135      8.889960433300      3.297715975834
    6      6.741867309515     -1.848560315827      6.341773546690
    6      1.672875694041      9.756376839879      0.123572405122
    6      9.383085805741      5.559491379202     -3.901344415946
    6     -1.121880151092      2.307380563026      2.336858506881
    6      8.062412159887      0.289827839341      2.020550051043
    6      0.190093731131      0.167956382739      6.653577838445
    6      8.078218345857      0.265413248248      3.498940946622
    6      0.179813320015      0.166880595659      5.174765209988
    6      8.075973389227      0.289755811205     -0.788311376990
    6      0.233607624075      0.220934465699      9.466299411229
    6      0.252346228684      7.703913911740      0.088010927563
    6      0.189222313929      0.192915994671      2.367572345433
    6      9.161901505913      0.770659058413      1.308506638370
    6      6.968427890922     -0.192013164404      1.300120961239
    6      1.281111253453     -0.336628932983      7.364617269170
    6      6.988857745519      8.157166111254      1.170176775605
    6      7.448953388934     -0.756364095305      4.212776363526
    6      8.742950962948      1.258137905223      4.220892379842
    6      8.653340117794      6.609937395369     -1.757962458445
    6     -0.415597103150      1.212279541291      4.466235918796
    6      9.162573410168      0.793036629895     -0.083829556614
    6      6.983024393058     -0.215969602670     -0.092604740135
    6      1.292558506985     -0.343332805925      8.757931078032
    6      7.022292202076      8.224802695969      2.564811780419
    6      7.470841768803     -0.779375749907      5.606378028974
    6      0.898147234259      8.719006570908     -0.610340248229
    6      8.676527629740      6.631714069423     -3.150477692354
    6     -0.429426683912      1.217932575855      3.073486399706
    6      0.481438557853      4.199117095548      7.780881051850
    6      1.261962704607      4.632406245872      6.560678335248
    6      2.542438361772      5.159833050672      6.733197910501
    6      3.281448288709      5.593673426709      5.640202957758
    6      2.747138846576      5.503347099633      4.356669275686
    6      1.476374470191      4.970183766931      4.178698544442
    6      0.737824520674      4.538435268130      5.276595484717
    0    0
