   3   1   1 E -6.1763501942455E+03 DE 2.8E-08(  3)
 -0.756856148286E+01  0.781405918491E+01  0.621846678440E+01
  0.757065737829E+01 -0.782703027711E+01  0.623649807877E+01
  0.759357641321E+01  0.785383180642E+01 -0.623410030364E+01
    1
  0.100000000000E+01  0.000000000000E+00  0.000000000000E+00
  0.000000000000E+00  0.100000000000E+01  0.000000000000E+00
  0.000000000000E+00  0.000000000000E+00  0.100000000000E+01
  0.000000000000E+00  0.000000000000E+00  0.000000000000E+00
   75
   21      4.678596013131     -4.830194733747      6.285857395491
   21     -4.894152667760      5.002004169760      6.253199365947
   21     -2.838959042236      4.980348094369      3.150053806010
   21      2.653596026671     10.845840980589      3.160533447726
    8     10.716828997505      1.611697336963      0.160040991579
    8     -3.280825945815      6.356055010700      6.389100930734
    8      3.119757397249     -1.476550130304      9.232202733617
    8      4.364775513367      9.604175573390      2.925463772723
    8      5.923559683000     -3.125259159940      6.083195647622
    8      1.448858339405     11.132396919122     -0.218436869012
    8      8.884543200808      4.663923369307     -2.928707231435
    8     -1.452443750637      3.391447294303      3.257962848258
    8      1.832899527641      9.505615380238      4.557321677945
    8     -1.951130881097      6.229862370466      4.581005571457
    8     -5.822534454546      6.212825330537      4.776373574277
    8      5.640963493241      9.652881380912      4.781383242614
    8     -1.644097402167      5.958901228244      1.709887651171
    8      1.447458686756      9.927393226032      1.684046832750
    8      1.384450802386     13.716079791573      1.415419320524
    8     -1.555042769585      2.105046920452      1.417515639059
    8     11.175202066338      3.966972052814     -1.453050526885
    8     -3.805916971653      4.035875198361      4.757188722539
    8      3.737212725600     -3.923821452618      7.915821733342
    8     -3.978374991937      4.070323317414      7.883022222059
    1      3.753047746328     -2.938754524672      4.681313025696
    1      3.522538711817     10.970796693741     -1.633109633391
    1     10.354146625214      3.931223041677      1.698298642446
    1     -3.050079045327      3.823793715290      7.754219431366
    1     -0.073417848073      7.873898569555      4.723923815607
    1     -0.067094237423      0.149257337711     10.865291432540
    1     -0.108675844632      7.941962313349      1.527119375199
    1     -0.095417265794      0.078542434305      1.601877266236
    1      9.465508505371      0.990650354125      2.176215385791
    1      5.645039718505     -0.979062401746      2.211464681022
    1      1.860719367593     -0.878261993549      7.191479783162
    1      5.695324623310      9.055996921639      0.917906999599
    1      6.547169751978     -1.872893462813      4.092819483946
    1      8.590674519383      1.896925201471      4.048165680786
    1      8.473678015890      6.046542536378     -0.923740807805
    1     -0.926351054569      2.094630672647      5.273521775191
    1      8.001116992898      4.198740442107      3.494635867244
    1      7.555829526974      5.152450978883      1.830569367925
    6      9.640210292764      1.347002719432     -0.459729684438
    6     -2.186693617907      6.576221330883      5.779542792201
    6      2.033659052130     -1.223038767300      9.834380968975
    6      5.430680155229      9.342268285576      3.569452634923
    6      6.218037984189     -2.067584413891      6.727377371572
    6      1.182735329744     10.080354282484      0.452013907592
    6      8.667177962082      5.736118385680     -3.574410520227
    6     -1.234173038643      2.308135155624      2.630685449462
    6      7.561767846782     -0.000204381342      2.394419276013
    6     -0.014298745007      0.168861955558      6.971874720529
    6      7.563236632506      0.014376209177      3.872614764434
    6     -0.019567652185      0.147993009344      5.491499789525
    6     -0.052230502842      7.854341826758      5.804385904878
    6     -0.047192730037      0.161882239380      9.784467023483
    6     -0.074874599820      7.913035225388      0.446902870563
    6     -0.072052802514      0.098338860911      2.682353627715
    6      8.609341708163      0.566711356711      1.668496053877
    6      6.491789834821     -0.553603741235      1.687761289956
    6      1.021256761074     -0.421196216349      7.699750312372
    6      6.532159019385      8.617592375612      1.446719582582
    6      6.972008330837     -1.017203592482      4.601429961277
    6      8.130243917351      1.075609875757      4.579215734312
    6      8.076469665204      6.906535535678     -1.449001045431
    6     -0.546219367705      1.217784111439      4.764989852580
    6      8.573151677179      0.620479724195      0.276539439907
    6     -1.086422385404      7.252390430904      6.514288536175
    6      0.989539491335     -0.457341578963      9.095005017102
    6      6.527039661001      8.642650037727      2.839426686861
    6      6.920532614495     -0.978247304873      5.992904030791
    6      0.539614615882      8.940970808186     -0.264719142627
    6      8.068457597835      6.886766449482     -2.843464161874
    6     -0.592612387939      1.187966990912      3.372797011990
   16      7.795889670474      3.859995828982      2.188429907474
    0    0
