   3   1   1 E -5.8927746272097E+03 DE-3.0E-08(  6)
 -0.769722992632E+01  0.773097368360E+01  0.622250187343E+01
  0.770031099961E+01 -0.774537168895E+01  0.624197709107E+01
  0.767211001660E+01  0.771663423460E+01 -0.623856029277E+01
    1
  0.100000000000E+01  0.000000000000E+00  0.000000000000E+00
  0.000000000000E+00  0.100000000000E+01  0.000000000000E+00
  0.000000000000E+00  0.000000000000E+00  0.100000000000E+01
  0.000000000000E+00  0.000000000000E+00  0.000000000000E+00
   78
   21      4.694337370700     -4.850973310740      6.479668320348
   21     -5.013976881582      4.980369653418      6.426695297666
   21     -3.009449157824      4.914798602227      3.299213971034
   21      2.634292590248     10.650229444439      3.299220378468
    8     10.831771249630      1.416770258605      0.285265218388
    8     -3.413041888298      6.340967604641      6.529542609120
    8      3.031545019483     -1.531439427150      9.376605791951
    8      4.359895585541      9.442515558532      3.093542097648
    8      5.877695366393     -3.111223757360      6.199202471453
    8      1.407621744666     10.988685908329     -0.022178208670
    8      8.981179262498      4.555505342135     -2.747391038087
    8     -1.579796469178      3.357545167835      3.427958520448
    8      1.784470377154      9.349059641129      4.720245061116
    8     -2.106131673391      6.211432953029      4.704711601639
    8     -5.972470080692      6.165976768458      4.967627751755
    8      5.630662859960      9.474175390499      4.950334026508
    8     -1.824672807570      5.884558199013      1.828609326652
    8      1.410856416626      9.734985043814      1.846738737042
    8      1.361876396355     13.537645627946      1.609553833068
    8     -1.646045231729      2.063566535750      1.591680762932
    8      3.493374348694     -3.884260864316      5.025202997769
    8     -3.913326342480      3.988901660683      4.957979137721
    8      3.741250184404     -3.973552900636      8.108804652265
    8      3.596384962938     11.771680527089      1.835140314363
    8      8.979658398375      4.162986843543      0.657858385026
    1      3.758931208212     -2.960329881885      4.894001706898
    1      3.442422829051     10.806741797255     -1.461033371225
    1     10.469694296962      3.931710328113      1.656819826862
    1     -3.166407251512      3.768297195616      7.896845035795
    1     -0.133640648910      7.734352957447      4.869419950654
    1     -0.161080719178      0.087609658077     11.039975948593
    1     -0.216835483208      7.813378101474      1.667555976182
    1     -0.138196593935      0.080343318887      1.778972277007
    1      9.483304247650      0.977154192828      2.337533637820
    1      5.606531147714     -0.886092350965      2.335496794750
    1      1.760194108222     -0.936771837601      7.367075618971
    1      5.704856206437      8.911920646419      1.089526006173
    1      6.489835651037     -1.824107734850      4.210159273050
    1      8.566675861987      1.931883921683      4.216353337307
    1      8.590350665680      5.976313703704     -0.737090890252
    1     -1.053583934171      2.067976672930      5.447376318797
    1      7.035326835340      4.641298099228      0.042198050602
    1      7.236961190051      4.054022385601      1.709932570129
    1      7.326054459122      2.905982384862      0.348456519101
    1      9.363086116484      3.996704280303     -0.226900434424
    6      9.727886301260      1.235306108264     -0.311221666396
    6     -2.322333871864      6.547734277685      5.908885420405
    6      1.960971776942     -1.252588780923     10.001792638500
    6      5.425606269936      9.165366885232      3.737620306971
    6      6.171687861354     -2.057556058072      6.852780563919
    6      1.120214347157      9.932114495792      0.623508827758
    6      8.760253021895      5.632582192051     -3.390631924767
    6     -1.334149163760      2.278355353276      2.807664494184
    6      7.545816656409      0.041514986240      2.537672456097
    6     -0.090892989464      0.150182908205      7.149522519559
    6      7.531888432127      0.052434591703      4.017281841983
    6     -0.079289174522      0.153756501765      5.670214422707
    6     -0.137365209730      7.743516803621      5.950257064143
    6     -0.141136443636      0.104939693645      9.959193578873
    6     -0.202940514818      7.809559454187      0.586577847897
    6     -0.115606851621      0.101749100944      2.859439862930
    6      8.625714335959      0.563550747672      1.822404538490
    6      6.473703169282     -0.493654967926      1.819621118481
    6      0.930417225916     -0.466481538693      7.874752059506
    6      6.532962450182      8.456996353196      1.618135239879
    6      6.928088877267     -0.983337196790      4.732326511834
    6      8.117272069179      1.095373388865      4.736538414246
    6      8.146692764827      6.801256592621     -1.274888850931
    6     -0.636943983738      1.205536142594      4.942946934325
    6      8.622840190459      0.571956716608      0.428499052169
    6     -1.208391562901      7.198881048866      6.649877752122
    6      0.895331923072     -0.514688169679      9.266705828217
    6      6.517126717343      8.460751093034      3.011494902906
    6      6.886140830927     -0.970045168622      6.124968457120
    6      0.423934200565      8.838542113839     -0.110872487897
    6      8.136344465162      6.772783289818     -2.667231265397
    6     -0.668958973066      1.175297816982      3.550049800448
    6      7.561688791975      3.921360533927      0.677181147998
    0    0
