   3   1   1 E -6.1763510866075E+03 DE-8.0E-08(  3)
 -0.763004121904E+01  0.776463586871E+01  0.622411125593E+01
  0.763234485527E+01 -0.777135326185E+01  0.623444614404E+01
  0.764591316761E+01  0.778666079053E+01 -0.623155948397E+01
    1
  0.100000000000E+01  0.000000000000E+00  0.000000000000E+00
  0.000000000000E+00  0.100000000000E+01  0.000000000000E+00
  0.000000000000E+00  0.000000000000E+00  0.100000000000E+01
  0.000000000000E+00  0.000000000000E+00  0.000000000000E+00
   75
   21      4.678948577627     -4.847354649877      6.344604384262
   21     -4.954643465878      4.955879781445      6.318880719382
   21     -2.914839395468      4.924534028448      3.205816246968
   21      2.656547163744     10.719486250210      3.218117471912
    8     10.764160287148      1.524604609911      0.219944607378
    8     -3.342311239795      6.316682287758      6.444630985076
    8      3.093559078353     -1.495019081860      9.283081378220
    8      4.369687720782      9.485442829478      2.989414049718
    8      5.923893827151     -3.142296505562      6.134145268502
    8      1.434136800418     11.032426516243     -0.140996475657
    8      8.943249145994      4.578974531918     -2.872473497045
    8     -1.522852284185      3.340703677987      3.320854694719
    8      1.831995143712      9.371246788698      4.611614051366
    8     -2.018314714803      6.184902040274      4.631659735980
    8     -5.887234094011      6.161827021645      4.847880949080
    8      5.633959459562      9.519251325511      4.852454610656
    8     -1.716437508098      5.894307136396      1.758928529747
    8      1.442976232755      9.801248447607      1.744945120261
    8      1.384577963467     13.600006482117      1.490111525088
    8     -1.620007079153      2.047995459605      1.485030891234
    8     11.221019613675      3.882663051302     -1.385210035808
    8     -3.865947148829      3.985866094224      4.825126519504
    8      3.732667486611     -3.936123442838      7.971749025073
    8     -4.029111770442      4.018247477567      7.943497971685
    1      3.719761730796     -2.949901244479      4.763339926185
    1      3.503848378229     10.857485381665     -1.567018035338
    1     10.404097005606      3.911819377738      1.708490496083
    1     -3.110286826799      3.746366800751      7.797391143261
    1     -0.105178476585      7.784979420612      4.780699100512
    1     -0.104601846466      0.105533638975     10.928185622671
    1     -0.139485929531      7.846587456116      1.581515499708
    1     -0.123290364882      0.048469798945      1.666257082306
    1      9.491806634541      0.935157501606      2.235083364316
    1      5.631073705233     -0.958983026649      2.256894723255
    1      1.815776195209     -0.915826762374      7.248849852498
    1      5.694037592081      8.930577174883      0.987029536683
    1      6.534392664756     -1.877606203100      4.138473117121
    1      8.582685829346      1.896093064216      4.105654380409
    1      8.492055453018      5.943798942767     -0.856117082506
    1     -0.995955340342      2.040680321525      5.341309313338
    1      7.759909093109      4.411497336676      3.149596384931
    1      7.515693762685      2.770417287606      2.058107671750
    6      9.689679503526      1.272283252697     -0.406996337985
    6     -2.250011211064      6.529208892959      5.831001658754
    6      2.010287453594     -1.239763577412      9.893009134510
    6      5.432602243094      9.216112267626      3.636618928757
    6      6.214253307721     -2.083411477569      6.777088282202
    6      1.163621330038      9.976951474963      0.518894631823
    6      8.716976509219      5.654215060830     -3.510295516618
    6     -1.297231295766      2.256971080827      2.697212297084
    6      7.563075450455     -0.010561174791      2.447160105093
    6     -0.064206005853      0.120906575747      7.035628837533
    6      7.560213252986      0.006394547464      3.926053622295
    6     -0.068756785453      0.103472305642      5.556200813863
    6     -0.091936194280      7.773300962887      5.861417761391
    6     -0.090098731563      0.114342720308      9.847228943736
    6     -0.118694831742      7.827528997840      0.500775317538
    6     -0.106915449235      0.064110081100      2.746907471835
    6      8.629140311507      0.528308151767      1.723875847114
    6      6.487362944227     -0.549675030396      1.735795821499
    6      0.975446642625     -0.464639889566      7.760200221485
    6      6.533857963790      8.496234593465      1.514297796723
    6      6.965950798429     -1.027234255111      4.650645330312
    6      8.133320358985      1.064413426214      4.633915669691
    6      8.093708122419      6.802137504686     -1.382707674420
    6     -0.603933504124      1.169922946193      4.831296617456
    6      8.602048316567      0.573138898041      0.330203870255
    6     -1.142329092363      7.195620574148      6.568187628749
    6      0.949820033718     -0.498176231225      9.154379705650
    6      6.530657636699      8.520698306846      2.907515756649
    6      6.922025956129     -0.996907526726      6.042297871657
    6      0.496497149209      8.857077706589     -0.206666614375
    6      8.095304538824      6.789783123648     -2.777121069919
    6     -0.644826145765      1.144085342430      3.438842890892
   16      7.827129788117      4.077159527021      1.830425600206
    0    0
