   3   1   1 E -5.8903480193304E+03 DE-9.5E-09( 14)
 -0.769896014204E+01  0.771574686232E+01  0.623119520514E+01
  0.770301294584E+01 -0.771555069509E+01  0.623588924970E+01
  0.769557551506E+01  0.771234152917E+01 -0.623090870304E+01
    1
  0.100000000000E+01  0.000000000000E+00  0.000000000000E+00
  0.000000000000E+00  0.100000000000E+01  0.000000000000E+00
  0.000000000000E+00  0.000000000000E+00  0.100000000000E+01
  0.000000000000E+00  0.000000000000E+00  0.000000000000E+00
   74
   21      4.888840213096     -4.948932953889      6.261914791049
   21     -4.886611674944      4.761681872841      6.254291712168
   21     -2.850946260793      4.792708920761      3.147062213926
   21      2.848209360534     10.441000355773      3.142956165667
    8     10.875093439596      1.521702550748      0.254961656588
    8     -3.173314455193      5.996022190155      6.479932107914
    8      3.267580128026     -1.534260774848      9.266996290448
    8      4.455890769563      9.077126631298      3.012537336866
    8      6.259121276457     -3.349759236507      6.143818102698
    8      1.414782927244     10.894479081311     -0.085743304854
    8      9.310507080954      4.440061581462     -2.862462027242
    8     -1.603911309223      3.090521545287      3.355454474785
    8      1.923741253914      9.235493530508      4.615572979591
    8     -1.907206530296      5.982314987915      4.619428554840
    8     -5.730310688103      6.092053317386      4.865944432956
    8      5.731523764435      9.165462478837      4.861183255062
    8     -1.536594761010      5.650222245322      1.749777635699
    8      1.517059035041      9.599533527157      1.749065862753
    8      1.621166855404     13.412703470237      1.500819149760
    8     -1.618210220541      1.825127957681      1.494382364648
    8     11.655937001301      3.693486570611     -1.606875844930
    8     -3.976185018900      3.824324634504      4.613414387925
    8      3.917647496485     -3.838665164239      7.740957809079
    8      3.773139313711     11.359417057231      1.502501085543
    8      3.840622605758      8.180706155237     -0.744123378806
    1      3.688721142755     -3.101211137595      4.779125058804
    1      3.934286795173     10.599934943360     -1.486649627480
    1     10.699054961583      3.593502599416      1.670074953726
    1     -2.993743052206      3.888643931187      7.869888386539
    1      0.007004112121      7.610607939517      4.786294959947
    1      0.005541736208     -0.090164715069     10.928175382332
    1     -0.019844244749      7.630887017820      1.582463633588
    1      0.001542733708     -0.098532585779      1.664614456447
    1      9.569489876816      0.953105004902      2.253497127017
    1      5.815403591300     -1.128221792622      2.248580277074
    1      1.950609729590     -1.031020371360      7.243588526164
    1      5.814399734175      8.626755657272      1.000421481793
    1      6.760595740801     -2.022151879525      4.125733744737
    1      8.610585117492      1.858745221122      4.128794468244
    1      8.751764197239      5.756750173342     -0.864489090141
    1     -1.007902660818      1.808608329835      5.351931508040
    6      9.820503207385      1.229163115472     -0.394658167763
    6     -2.114588435533      6.285112941922      5.835303496534
    6      2.185095996581     -1.302908157597      9.889591006769
    6      5.534690003429      8.851179573235      3.645173804788
    6      6.484967853453     -2.269084130637      6.772134951956
    6      1.186035379211      9.813593920843      0.539409262258
    6      9.025365050991      5.497956841295     -3.511186692185
    6     -1.316010878221      2.031638959997      2.711101102975
    6      7.691167003662     -0.085471096860      2.447191263433
    6      0.030732118637     -0.065315359924      7.036113252468
    6      7.685173090857     -0.081341464064      3.926570050544
    6      0.028913909046     -0.070447573830      5.556877681008
    6      0.002594040893      7.616667272568      5.867368184141
    6      0.013272676438     -0.080770701587      9.847373100738
    6     -0.021768511423      7.633172217955      0.501660144379
    6      0.009301362364     -0.090549181482      2.745646300689
    6      8.732566518109      0.507115442155      1.731254874136
    6      6.655301929345     -0.684954315889      1.729048064563
    6      1.091944406120     -0.616799216619      7.756539097794
    6      6.660053347938      8.196645585849      1.519627582439
    6      7.156724003712     -1.157505616823      4.643001969592
    6      8.208322976226      0.995941867793      4.644167989254
    6      8.309513736778      6.594764293663     -1.387951604368
    6     -0.565796147807      0.966382409946      4.836167358551
    6      8.729508694489      0.525193864353      0.337340910280
    6     -1.030374856180      6.999124467587      6.567161552322
    6      1.076840508871     -0.643020631510      9.149534049357
    6      6.655476535818      8.204840121979      2.912674063524
    6      7.131500050381     -1.150097501425      6.035788032022
    6      0.526971038710      8.702563135846     -0.197773287552
    6      8.325589030315      6.593125128152     -2.781490847895
    6     -0.602171771838      0.947412280166      3.443153009353
    6      3.565372757118      7.269937376811     -0.115365767781
    0    0
