   3   1   1 E -6.1763471657065E+03 DE 2.4E-08(  3)
 -0.770818038812E+01  0.770406390831E+01  0.623298208015E+01
  0.770820554839E+01 -0.770237202304E+01  0.623094705837E+01
  0.770755690068E+01  0.770127629384E+01 -0.623087950319E+01
    1
  0.100000000000E+01  0.000000000000E+00  0.000000000000E+00
  0.000000000000E+00  0.100000000000E+01  0.000000000000E+00
  0.000000000000E+00  0.000000000000E+00  0.100000000000E+01
  0.000000000000E+00  0.000000000000E+00  0.000000000000E+00
   75
   21      4.855842852061     -5.030240538789      6.276725352472
   21     -4.836198034967      4.736008121282      6.279102811552
   21     -2.810773477146      4.699019761965      3.161387465504
   21      2.823360048179     10.402886775121      3.161612657835
    8     10.984102278984      1.278307058681      0.160720707287
    8     -3.247778411602      6.113939647596      6.389028744740
    8      3.182251783524     -1.768858790972      9.183226515898
    8      4.544137510162      9.177140441865      2.941603024543
    8      6.097054148385     -3.324112139880      6.053787455844
    8      1.617200186645     10.736367413638     -0.175232069368
    8      9.160440442100      4.294159901491     -2.961060654699
    8     -1.443614091754      3.100178382561      3.268752378056
    8      1.987476887115      9.077255260123      4.555139793242
    8     -1.957605755719      6.017559972743      4.552340149940
    8     -5.795728988070      5.927296224484      4.811094581885
    8      5.791293041345      9.160260311095      4.815008228052
    8     -1.620094642937      5.637486141171      1.687893820732
    8      1.633817999994      9.470335454138      1.685606605747
    8      1.535130035688     13.284418459265      1.431515790241
    8     -1.532498462714      1.807663398291      1.433046341699
    8     11.449236318135      3.635193356400     -1.430741510727
    8     -3.727544257388      3.763542325499      4.803463845623
    8      3.921578569973     -4.113936426852      7.914639335226
    8     -3.909349838731      3.819921948887      7.919981385838
    1      4.004271203383     -3.145895330709      4.644616622331
    1      3.709501765916     10.547244409046     -1.584924625956
    1     10.710768142939      3.857898140546      1.531333067367
    1     -2.990322814633      3.550275511405      7.769615224627
    1      0.017431376400      7.543270785592      4.721846252472
    1      0.024809767860     -0.119085854539     10.865565953319
    1      0.002289718205      7.557863331382      1.520528844648
    1      0.015730555335     -0.147709278302      1.607467567875
    1      9.653348598489      0.784116675289      2.181822979463
    1      5.783561492407     -1.087198314501      2.178663493778
    1      1.881268920114     -1.196216205342      7.173034232430
    1      5.831537942885      8.579802291714      0.941927139276
    1      6.680790146415     -2.027886745218      4.055815485971
    1      8.748993375455      1.732402169963      4.054488222260
    1      8.654717916892      5.614484766106     -0.936021062629
    1     -0.944667733350      1.773684285026      5.296882670312
    1      7.186585993986      5.645261752291      6.133013066235
    1      5.776152861606      7.033026737738      6.160042829740
    6      9.901660892217      1.050587004990     -0.465230220952
    6     -2.164352826089      6.340151370451      5.764842426086
    6      2.122637357675     -1.475750602899      9.823538238015
    6      5.596580658667      8.877284312256      3.589206344222
    6      6.386673532497     -2.266223855285      6.700825445708
    6      1.330514791973      9.676154371893      0.469461459065
    6      8.926393656121      5.374633114707     -3.584703553289
    6     -1.211395691171      2.017513966255      2.647120113056
    6      7.718030502080     -0.151004572167      2.380135565041
    6      0.004776027278     -0.154585563927      6.976216954663
    6      7.715316462416     -0.148152060033      3.859164582649
    6      0.003632244127     -0.155583470457      5.496560412868
    6      0.015384395354      7.546015519263      5.802672851380
    6      0.015462610374     -0.134896495359      9.786339124323
    6      0.003430644357      7.557049757742      0.439475989950
    6      0.011127319538     -0.150383082830      2.686702708177
    6      8.792347299556      0.380591475664      1.664279588004
    6      6.646611633647     -0.686136793839      1.662588168032
    6      1.045045221235     -0.747542926707      7.693951692153
    6      6.673428143905      8.142198896321      1.462873314857
    6      7.121975996799     -1.187719362900      4.576573166627
    6      8.306480372745      0.893296480792      4.575895511171
    6      8.250330309201      6.475950493824     -1.452156477884
    6     -0.535529302664      0.914910534414      4.779930634471
    6      8.786792652845      0.400066929446      0.271098436289
    6     -1.050656328908      6.991483358866      6.502485401686
    6      1.041123390108     -0.763992624167      9.087726383733
    6      6.686641823040      8.176865001397      2.855995251731
    6      7.094585299415     -1.178104082059      5.969932260183
    6      0.622061306476      8.588620510966     -0.261670126628
    6      8.276723175761      6.486852843030     -2.845256348873
    6     -0.554930480212      0.908711738801      3.386521191024
   16      5.825369968030      5.671394625332      6.205729464646
    0    0
