   3   1   1 E -5.8903478246365E+03 DE-9.0E-08(  3)
 -0.769754265881E+01  0.770471234827E+01  0.623192448946E+01
  0.769627774582E+01 -0.770911302336E+01  0.623569468883E+01
  0.770816911136E+01  0.771979085526E+01 -0.623724942854E+01
    1
  0.100000000000E+01  0.000000000000E+00  0.000000000000E+00
  0.000000000000E+00  0.100000000000E+01  0.000000000000E+00
  0.000000000000E+00  0.000000000000E+00  0.100000000000E+01
  0.000000000000E+00  0.000000000000E+00  0.000000000000E+00
   74
   21      4.792493828729     -4.830482477580      6.296525239944
   21     -4.899687684624      4.938917861773      6.286940897024
   21     -2.864516134811      4.909763600047      3.169427797360
   21      2.770249618916     10.625757916238      3.171383175395
    8     10.901907021356      1.520364577581      0.179613583485
    8     -3.298838883083      6.309278844381      6.406444368512
    8      3.146470963079     -1.526360553667      9.204351104993
    8      4.479139837623      9.383767750332      2.946519901997
    8      6.026798231818     -3.116808968049      6.072960828129
    8      1.568963415736     10.943282628162     -0.177363861493
    8      9.100938541265      4.522103628296     -2.939036865679
    8     -1.475330013106      3.325105694192      3.286711360911
    8      1.922735676138      9.303670615358      4.566719120544
    8     -2.003140763008      6.213958065320      4.572243806047
    8     -5.837361041395      6.135623750939      4.814257896551
    8      5.732306030375      9.391657790025      4.816874623039
    8     -1.675978671477      5.854302203120      1.699893089062
    8      1.571671619623      9.695812848586      1.697087495310
    8      1.491036832125     13.506252419088      1.447556370729
    8     -1.566909666571      2.035520160386      1.447658431880
    8     11.397215243078      3.850587287420     -1.430572257592
    8     -3.793181714035      3.972273883307      4.802129111720
    8      3.862249412416     -3.919670414579      7.939631329587
    8      3.738256747715     11.732043775351      1.684928219337
    8      8.263679534342      3.881673105076      2.251904701918
    1      3.929589879205     -2.940098369881      4.672150537697
    1      3.652494842087     10.771558148943     -1.587632521731
    1     10.612303403784      3.927712517856      1.627095302924
    1     -3.049339376777      3.747510899211      7.773531501318
    1     -0.049316886857      7.768206984724      4.736511886084
    1     -0.047207735910      0.065705613113     10.886325265246
    1     -0.057230980620      7.775047804875      1.531856950250
    1     -0.043467216660      0.058698878183      1.622176868856
    1      9.591439426974      0.991430788668      2.192016748022
    1      5.731262024144     -0.900941257120      2.197398291624
    1      1.852366766941     -0.953614027514      7.196037916562
    1      5.788101464208      8.816450214497      0.948883748370
    1      6.612083706382     -1.825897891086      4.075350540119
    1      8.731548128110      1.904888562701      4.069419842181
    1      8.615069275799      5.857777073768     -0.919063978359
    1     -0.973126503886      2.004381854982      5.308909452369
    6      9.824951877791      1.282363462498     -0.450930201593
    6     -2.215746584861      6.538105941156      5.782674658152
    6      2.081278084709     -1.250383721134      9.840540573603
    6      5.535960155317      9.099539540300      3.596545499176
    6      6.318314588770     -2.059318161747      6.718327983487
    6      1.281401863512      9.888733576474      0.476115711943
    6      8.873464098917      5.601639027807     -3.568333309484
    6     -1.247743404083      2.243211384906      2.661269902444
    6      7.662055188782      0.045308455128      2.395768324814
    6     -0.031540269909      0.076217055633      6.993382048913
    6      7.663847727211      0.044539758315      3.874623326963
    6     -0.032379586715      0.072010826896      5.513543559324
    6     -0.045688466529      7.763906410542      5.817363087015
    6     -0.041199232904      0.071620870228      9.805332244945
    6     -0.048142625929      7.768501381726      0.450820621854
    6     -0.039855121284      0.062787144980      2.703053821046
    6      8.729605053356      0.586909610580      1.677415769621
    6      6.589342543963     -0.490616785404      1.680249532100
    6      1.011989856425     -0.508295766818      7.712861487361
    6      6.630127794163      8.381098345392      1.471722184352
    6      7.059651511197     -0.987626530415      4.593668314667
    6      8.265580034090      1.080050803183      4.590970706607
    6      8.209671456634      6.717241239075     -1.438165036348
    6     -0.569978570313      1.141412629817      4.794237078412
    6      8.715201809844      0.619718602948      0.284496522413
    6     -1.104050386725      7.196442585837      6.519261096134
    6      0.998796642724     -0.535119583406      9.106870689503
    6      6.632970909373      8.403793074372      2.865195761042
    6      7.030518520140     -0.973908358547      5.986628320965
    6      0.580863264812      8.792661666070     -0.251475199946
    6      8.227597420768      6.720483853401     -2.831840080647
    6     -0.595755633611      1.129394932542      3.400987275533
    6      7.341965679789      4.085023268490      2.892234488985
    0    0
