   3   1   1 E -5.9656202315938E+03 DE-1.5E-08(  5)
 -0.765331578452E+01  0.775495534800E+01  0.623348989910E+01
  0.764990974147E+01 -0.775867301669E+01  0.623379905525E+01
  0.765713639369E+01  0.776263365780E+01 -0.623804788226E+01
    1
  0.100000000000E+01  0.000000000000E+00  0.000000000000E+00
  0.000000000000E+00  0.100000000000E+01  0.000000000000E+00
  0.000000000000E+00  0.000000000000E+00  0.100000000000E+01
  0.000000000000E+00  0.000000000000E+00  0.000000000000E+00
   75
   21      4.887181423410     -4.763093570132      6.210984830631
   21     -4.843419143244      4.975829025296      6.218475777632
   21     -2.798057520063      5.012947453630      3.106807541866
   21      2.843488121202     10.721766240357      3.110441512120
    8     10.833940336662      1.760839615611      0.206177741953
    8     -3.135793083397      6.219725378165      6.446718667095
    8      3.259237519294     -1.369356909194      9.218214758575
    8      4.422547183794      9.322459003688      2.982182762244
    8      6.256838018360     -3.157447042672      6.096651409061
    8      1.433672862619     11.146653183192     -0.127920776943
    8      9.246685271127      4.669635403042     -2.927561257544
    8     -1.553905645605      3.307374290069      3.323663919242
    8      1.906239119653      9.531571583146      4.584072517500
    8     -1.870801051072      6.212508546197      4.584082300484
    8     -5.686961679769      6.293277923983      4.817869520370
    8      5.718577776499      9.411332833211      4.818032401692
    8     -1.484005194910      5.876962439343      1.712175231046
    8      1.519939165791      9.861884116688      1.714619361533
    8      1.640151652908     13.699259812783      1.451628643255
    8     -1.553269882768      2.062491597778      1.447666840503
    8     11.630148338299      3.923913674240     -1.665069281292
    8     -3.912520609444      4.043006575571      4.585932163973
    8      3.927176642705     -3.669667883103      7.708184440137
    8      3.778782271699     11.628011946329      1.463012073475
    8      3.853675188433     -0.754722819142      4.777558747884
    8      4.519572753299      1.440404144986      4.323114178347
    1      3.838346816588     -2.881689995319      4.659917312765
    1      4.006860801375     10.884099348970     -1.503753687482
    1     10.651090375097      3.863912818602      1.595120657537
    1     -2.953600925126      4.116597293638      7.847313862030
    1      0.020524102321      7.870454970986      4.749194288587
    1      0.011497786822      0.092417159478     10.884573727173
    1      0.005950592826      7.878478515850      1.543478445841
    1      0.030748805565      0.114355855566      1.621050053098
    1      9.537284957701      1.182084737104      2.210531688338
    1      5.818776191395     -0.964335854123      2.208700270647
    1      1.938718221671     -0.861095309296      7.192544140477
    1      5.751705829230      8.828114472985      0.956103610011
    1      6.768780480222     -1.836189267101      4.085863016423
    1      8.581322008199      2.062842315935      4.087951758362
    1      8.701457881171      5.982580883093     -0.923673030091
    1     -0.991968487553      2.000267163371      5.317352357982
    6      9.774385667014      1.471030745055     -0.435562343038
    6     -2.079774605968      6.513502464031      5.799888562545
    6      2.176547829348     -1.138659837497      9.841317766696
    6      5.504347525234      9.090496658632      3.605644782576
    6      6.478343440042     -2.079360977936      6.729808202265
    6      1.204132879289     10.067119144126      0.501271718439
    6      8.983784260604      5.736883425379     -3.566569028299
    6     -1.268220986441      2.252197418346      2.670464814239
    6      7.675972001089      0.113599332541      2.407296419619
    6      0.018148763072      0.105057842399      6.993541019662
    6      7.674203065732      0.114044615042      3.885935634424
    6      0.021437666718      0.108263628926      5.513784836274
    6      0.020465726441      7.870861655660      5.830251414319
    6      0.012489387775      0.094869774232      9.803717306934
    6      0.008144179432      7.878166916535      0.462601754870
    6      0.028983058118      0.113028262630      2.702145101392
    6      8.705282358710      0.725194849887      1.690377826917
    6      6.646426245059     -0.496918401046      1.690304380138
    6      1.082615178347     -0.446082799199      7.710025260943
    6      6.607835002394      8.412639662966      1.472513985198
    6      7.153418413126     -0.965784971971      4.601687634379
    6      8.189234978939      1.195916723218      4.604009943852
    6      8.260822719152      6.824193541714     -1.441551715820
    6     -0.556974017463      1.156869313970      4.796349236426
    6      8.695904214385      0.749753814925      0.297423449733
    6     -1.000671400304      7.235725415779      6.530725667351
    6      1.071090111399     -0.472927014011      9.103293428887
    6      6.613286798227      8.430085255600      2.865884887457
    6      7.118080967371     -0.953694615966      5.995655642509
    6      0.557542446453      8.947789500394     -0.237176229891
    6      8.289622883268      6.834814413140     -2.835132769341
    6     -0.578253872905      1.151963635749      3.402527996289
    6      4.191158497273      0.345164505642      4.551466457617
    0    0
