   3   1   1 E -6.1225361640060E+03 DE-1.2E-07(  3)
 -0.777694860177E+01  0.770213571209E+01  0.625245071980E+01
  0.776886076139E+01 -0.767384913115E+01  0.620697305372E+01
  0.771876893860E+01  0.762336139381E+01 -0.621763036559E+01
    1
  0.100000000000E+01  0.000000000000E+00  0.000000000000E+00
  0.000000000000E+00  0.100000000000E+01  0.000000000000E+00
  0.000000000000E+00  0.000000000000E+00  0.100000000000E+01
  0.000000000000E+00  0.000000000000E+00  0.000000000000E+00
   86
   21      4.823795220586     -5.033967623471      6.036347956168
   21     -4.949428166669      4.729721334590      6.086825161062
   21     -2.965070394859      4.669352925488      2.960615204894
   21      2.755996890736     10.331809061092      2.938429903718
    8     10.947530730472      1.206433433704     -0.062305302636
    8     -3.421412829371      6.205031119742      6.150894315787
    8      3.062303159836     -1.827437628674      8.944037354116
    8      4.415547641013      9.014193533720      2.784017110494
    8      6.087885588794     -3.339490922121      5.831708060140
    8      1.421304106009     10.734268585020     -0.305517565531
    8      9.148258860485      4.224578608318     -3.182339380928
    8     -1.562305041472      3.071181376793      3.105505870066
    8      1.870600495239      9.043950360646      4.360171968501
    8     -2.098053440223      6.048870531678      4.330545925530
    8     -5.956940142805      5.843136552555      4.602321836007
    8      5.734559153909      9.103169835931      4.605786360552
    8     -1.741753059264      5.596448792504      1.490668287237
    8      1.552878405418      9.383317157664      1.489265656129
    8      1.501304994852     13.278547221439      1.276852579087
    8     -1.645802052031      1.801707440388      1.250132326537
    8     11.461634043987      3.558807004956     -1.675258858333
    8     -3.769277366123      3.762808475407      4.656760557748
    8      3.883150735338     -4.088632645808      7.640284572281
    8      3.724849047407     11.423184788467      1.472442682239
    8     -1.484104162537      3.382188625171      6.588883845580
    1      3.992246636147     -3.139269509941      4.398815767396
    1      4.661654106715     10.881495825105     -1.123317667126
    1     10.663373731038      3.743359699335      1.303478688748
    1     -3.053400784058      3.589582168591      7.518724727952
    1     -0.104849096677      7.538264720765      4.520412069891
    1     -0.087657899701     -0.182027578569     10.661059961153
    1     -0.114929402605      7.515295127889      1.324097663933
    1     -0.048011637332     -0.139753137378      1.402852902858
    1      9.569700067381      0.786167567673      1.976626384873
    1      5.667975527449     -1.021592024331      1.939333073004
    1      1.741195550666     -1.255263718348      6.953064948445
    1      5.693304340611      8.429913305808      0.767304170106
    1      6.543785736677     -1.971208906213      3.824876753499
    1      8.688293713152      1.749058557319      3.852247465225
    1      8.582785096375      5.499669054223     -1.145360025807
    1     -1.158149144957      1.663257786148      5.113004753577
    1     -0.027567995891      4.148125599142      5.424590735845
    1      1.975142888917      5.117785156314      6.208117038196
    1      3.583407341090      5.636689781474      8.025732946541
    1      3.081157373549      4.920250320980     -2.112485922514
    1      8.736978904444     -3.950739721232      4.612152356439
    1     -0.640989517803      3.252190590422      9.051875943871
    6      9.853493790559      1.015993863802     -0.682851648067
    6     -2.326292354365      6.389064258830      5.537207422008
    6      2.007054395421     -1.530871098312      9.593849741739
    6      5.492802613678      8.755717680437      3.404765577791
    6      6.329182937014     -2.268565002241      6.479010284132
    6      1.197416925471      9.638961739446      0.294247837375
    6      8.918144953447      5.319475777535     -3.785406859201
    6     -1.338908716946      1.992217232900      2.468613996853
    6      7.614435233075     -0.112081394539      2.158834622024
    6     -0.146837162915     -0.231349949200      6.770257368570
    6      7.606091310287     -0.108475399718      3.639405625484
    6     -0.146559219986     -0.227133728634      5.291729779971
    6     -0.119434111158      7.548884464425      5.601240122539
    6     -0.105791346226     -0.196475554083      9.580223843461
    6     -0.132984070258      7.531064170673      0.243349873864
    6     -0.083012175896     -0.165338668931      2.482917290919
    6      8.708352378139      0.393359982106      1.450816962785
    6      6.542915735231     -0.635746371788      1.431986179359
    6      0.905652344423     -0.811417781705      7.479102955314
    6      6.536162756950      7.984807271156      1.276809667682
    6      6.999960376234     -1.144972187886      4.352052339809
    6      8.221442543361      0.915838666015      4.362107020385
    6      8.156375118733      6.356598880098     -1.651216633108
    6     -0.707716519817      0.836807984288      4.583911802839
    6      8.721400744058      0.395714803181      0.057313478470
    6     -1.206062398906      7.022500337852      6.290340761535
    6      0.915764060108     -0.822979788871      8.871636904338
    6      6.567609927760      8.030641710855      2.669312024503
    6      7.000703367732     -1.160159226696      5.745779431143
    6      0.483416831095      8.566076572316     -0.451569564161
    6      8.207777734216      6.395334308162     -3.042280419086
    6     -0.691810527166      0.864823497778      3.192108806836
    6     -0.363365604730      3.883254545013      6.440788921379
    6      0.572925381055      4.150069727472      7.520441319901
    6      1.768856831984      4.813253232613      7.228047211248
    6      2.665719056267      5.105104862171      8.245676546246
    6      2.374194303370      4.718617487868      9.551024054727
    6      1.189363219973      4.042456106489      9.847249324149
    6      0.287769445899      3.762700167506      8.836689577931
    0    0
