   3   1   1 E -6.1225369728677E+03 DE 1.0E-07(  3)
 -0.785092221858E+01  0.756368853687E+01  0.622461481169E+01
  0.785476231136E+01 -0.755674930901E+01  0.622804630559E+01
  0.782845477289E+01  0.754561935063E+01 -0.622254870701E+01
    1
  0.100000000000E+01  0.000000000000E+00  0.000000000000E+00
  0.000000000000E+00  0.100000000000E+01  0.000000000000E+00
  0.000000000000E+00  0.000000000000E+00  0.100000000000E+01
  0.000000000000E+00  0.000000000000E+00  0.000000000000E+00
   86
   21      4.606818126862     -5.053227413711      6.465171882430
   21     -5.179624082509      4.612419461028      6.500123609139
   21     -3.206921612381      4.598673700758      3.331219862471
   21      2.620185995294     10.107068018560      3.316272096399
    8     10.811258554369      1.151942757345      0.356998651146
    8     -3.661634272888      6.072496061987      6.541230720611
    8      2.916548578224     -1.764395124343      9.361656281463
    8      4.289349410052      8.812391257309      3.159029589372
    8      5.876546883690     -3.364063779126      6.235974590447
    8      1.428211170745     10.445267221070      0.003882142140
    8      9.021583200529      4.086728837816     -2.766611491321
    8     -1.797583769250      3.004167224729      3.471136366771
    8      1.714115776422      8.812234266612      4.713991782858
    8     -2.361004965178      5.954625162862      4.711092161747
    8     -6.185393076927      5.756481048932      5.007561173730
    8      5.537008558133      8.834997259041      5.031797658922
    8     -1.987382970270      5.483276710145      1.852507231672
    8      1.442489944552      9.148768448197      1.842975463588
    8      1.271575778939     12.973222846366      1.640590025016
    8     -1.937838359698      1.676068633988      1.661034230385
    8     11.369678315863      3.475031291039     -1.252726938377
    8     -4.037245341208      3.670178365346      5.011097420509
    8      3.688943374162     -4.106761731774      8.106649842770
    8      3.577963341851     11.267558885514      1.901956283516
    8      6.365523538732     -3.819525965873      1.961277663362
    1      3.892389509003     -3.187726413968      4.774670491125
    1      3.563148126349     10.280929613419     -1.327970064014
    1     10.591551277507      3.686588771152      1.737747183318
    1     -3.262639896356      3.684944082934      8.145661968032
    1     -0.362237453022      7.451773549617      4.882349904648
    1     -0.304829159102     -0.244303509034     11.072741442219
    1     -0.266315600584      7.303268506633      1.682392555881
    1     -0.298270885224     -0.222580288360      1.810236502119
    1      9.459611185638      0.684060685574      2.356673944298
    1      5.502083492462     -0.986519852449      2.338699175535
    1      1.594071634720     -1.223837726383      7.372108979633
    1      5.608875448984      8.298605063096      1.166381944250
    1      6.420347545349     -2.038176050948      4.197384972487
    1      8.605313622135      1.657202578982      4.229396699335
    1      8.524171262639      5.404310770643     -0.729645077493
    1     -1.345439860093      1.636187412714      5.509563619155
    1     -1.608779395366      3.620413819878      6.172069929548
    1      0.097788874221      4.020380023081      4.655737278351
    1      2.388117278219      4.825616243030      4.100537114704
    1      3.943236134532      5.444795883114      5.922930804169
    1      3.246741126758      5.250579379584      8.282379451848
    1      8.791496033845     -3.095383370994      2.608183086903
    6      9.730535522651      0.957124557952     -0.287012200877
    6     -2.579744570596      6.301798391143      5.917251752650
    6      1.853845312932     -1.502349745140     10.017635720816
    6      5.353240049255      8.555313234722      3.804053924946
    6      6.171205287327     -2.300815045292      6.865891922401
    6      1.118906424217      9.386770242690      0.638872307543
    6      8.791763811142      5.174034586164     -3.378017451585
    6     -1.584950519974      1.908581716615      2.858155773204
    6      7.473787288994     -0.138085580397      2.545702008994
    6     -0.315301012341     -0.242543760219      7.181796511052
    6      7.496998723841     -0.178895128466      4.023033726062
    6     -0.315601169784     -0.243981680114      5.702498998359
    6     -0.372673513201      7.457441514470      5.962766968804
    6     -0.308584852130     -0.243716903956      9.991625734137
    6     -0.289049742857      7.321900878858      0.601762628316
    6     -0.306169991362     -0.228711017640      2.891076419039
    6      8.573367159248      0.345999958158      1.835206955801
    6      6.372520401747     -0.600294937769      1.825690666791
    6      0.744114463693     -0.805154378287      7.895617428950
    6      6.458657333251      7.867312807090      1.678726876508
    6      6.890153047721     -1.219552201085      4.730099555345
    6      8.144351742265      0.824400486817      4.744715334224
    6      8.088412113757      6.253295668204     -1.240969226755
    6     -0.891101238432      0.806967683415      4.987012042297
    6      8.570686509244      0.384152960134      0.443746286575
    6     -1.467177446146      6.952504257239      6.656321818722
    6      0.741636423836     -0.829171741474      9.288620397552
    6      6.467716307932      7.888541386302      3.072104262180
    6      6.896969863976     -1.231568990777      6.125570901327
    6      0.351734087713      8.342401046573     -0.093229728219
    6      8.110865570100      6.268302115198     -2.633885268112
    6     -0.904371039867      0.811070379094      3.594461949480
    6     -0.982376136953      3.815659719477      7.059263675801
    6      0.395018251657      4.195911836050      6.777070506308
    6      0.798784863515      4.286252245019      5.439547446264
    6      2.075624512772      4.734604163393      5.133525916784
    6      2.950547470974      5.079840573012      6.160243923261
    6      2.556577161043      4.973332682604      7.494918835573
    6      1.280876692763      4.536022417756      7.806805247598
    0    0
