   3   1   1 E -5.8927748064149E+03 DE 3.1E-09(  3)
 -0.766813144419E+01  0.771279913014E+01  0.623766454362E+01
  0.767276805377E+01 -0.770097926893E+01  0.622809114158E+01
  0.769680089118E+01  0.772777873651E+01 -0.622272123133E+01
    1
  0.100000000000E+01  0.000000000000E+00  0.000000000000E+00
  0.000000000000E+00  0.100000000000E+01  0.000000000000E+00
  0.000000000000E+00  0.000000000000E+00  0.100000000000E+01
  0.000000000000E+00  0.000000000000E+00  0.000000000000E+00
   78
   21      5.021504338999     -4.939401384237      5.938031837661
   21     -4.681610893664      4.739325162281      5.943840324500
   21     -2.674373796623      4.807947415155      2.819701834800
   21      3.014000175028     10.441286891398      2.781029446512
    8     10.987604035829      1.590328201986     -0.080844140318
    8     -3.013103101737      6.025029345312      6.120916423528
    8      3.404714778249     -1.524309068020      8.947538878856
    8      4.547744474660      8.994684570713      2.745486932871
    8      6.382768704693     -3.315491151467      5.772351349741
    8      1.579244311843     10.914584717406     -0.406677756343
    8      9.513591248661      4.477882869604     -3.163355050149
    8     -1.432618177590      3.094382921296      3.028181592514
    8      2.049037164466      9.329887295582      4.300247003047
    8     -1.714533894993      5.983240866181      4.284329111768
    8     -5.575068486120      6.048221806013      4.544203391325
    8      5.893631111117      9.195506619225      4.535436802430
    8     -1.370554820713      5.644602608765      1.403893003326
    8      1.637464829024      9.628909242798      1.436031589732
    8      1.836962362300     13.434101111015      1.198510523657
    8     -1.438019708680      1.835747635105      1.162803675239
    8     11.892426783570      3.707218067756     -2.004450286089
    8     -3.785683825051      3.815484038460      4.280134907082
    8      4.058225176699     -3.808090954125      7.393435573075
    8      3.962175682421     11.305791527504      1.142534521052
    8     -1.324976740617      3.973163817176      8.619478116467
    1      3.892789180426     -3.110705346680      4.367656158069
    1      4.222590126417     10.642228731162     -1.764888930842
    1     10.846517231867      3.631540694446      1.349920206412
    1     -2.785975479499      3.752131305814      7.566429977939
    1      0.167320798500      7.658973650716      4.452098382330
    1      0.124084396303     -0.132295796813     10.605848382768
    1      0.142489198556      7.638610259026      1.248064764343
    1      0.195941251519     -0.081588795456      1.343147725231
    1      9.654833894689      1.045718902555      1.922543492856
    1      5.941098883857     -1.110579021445      1.892415685167
    1      2.085427809396     -1.017332480355      6.918950772239
    1      5.902559370281      8.568712998275      0.692097157941
    1      6.800360425514     -1.912098838277      3.756732233921
    1      8.733436359515      1.916298879032      3.803553081771
    1      8.899881225693      5.768821870285     -1.176155234883
    1     -0.881828244648      1.792607030079      5.032259086695
    1      0.225638127719      3.006380939293      9.640769720219
    1      0.658316153801      4.567741319219      8.889761895977
    1      0.394902923990      3.125165182088      7.874469529103
    1     -1.811605025432      3.888054086017      9.466844603979
    6      9.923065701129      1.308141754459     -0.724691150837
    6     -1.943714888345      6.305492753734      5.494102936559
    6      2.314111840016     -1.316423016565      9.567846618489
    6      5.653031728233      8.818301061733      3.341516576719
    6      6.604687986661     -2.236110428453      6.411284391832
    6      1.333015949664      9.837304972660      0.216372184711
    6      9.213753697546      5.528380358097     -3.819701468271
    6     -1.143856891712      2.037128709285      2.384602031228
    6      7.785605799945     -0.011103944288      2.105402168384
    6      0.145460475232     -0.091111002666      6.715436685627
    6      7.776256423598     -0.006945720717      3.584815884255
    6      0.157937509803     -0.083959613911      5.235695407106
    6      0.153235532160      7.670295269559      5.533064643363
    6      0.129095392526     -0.121082113866      9.525023136447
    6      0.127198083901      7.654311917463      0.167394885875
    6      0.185446263937     -0.081581040650      2.424179129714
    6      8.827193422508      0.587885868900      1.395744791181
    6      6.764905983648     -0.631943117982      1.382514539952
    6      1.217738903566     -0.625385994688      7.434310031766
    6      6.761055514330      8.157431027027      1.207678538509
    6      7.230784504408     -1.079286312224      4.292837724582
    6      8.322781976608      1.052136115914      4.309988020679
    6      8.459292539292      6.607125799809     -1.700307953864
    6     -0.431481450157      0.955166324327      4.514376244179
    6      8.836360555596      0.597545174432      0.002348423274
    6     -0.876143979680      7.041610644914      6.227863934799
    6      1.201212000926     -0.664415440294      8.826425264350
    6      6.763028331847      8.165069280174      2.601430235685
    6      7.231580887092     -1.099733010416      5.685265679742
    6      0.677297445571      8.728336186856     -0.524896660618
    6      8.498117292063      6.615948863165     -3.093174316958
    6     -0.442405518077      0.947828230454      3.119977107544
    6      0.070069260347      3.651375094004      8.773787322964
    0    0
