   3   1   1 E -6.0092138273126E+03 DE 1.9E-07( 18)
 -0.776563976643E+01  0.764890111247E+01  0.623005632312E+01
  0.776664637781E+01 -0.765262532886E+01  0.623636948311E+01
  0.774918671757E+01  0.763653138582E+01 -0.623528627361E+01
    1
  0.100000000000E+01  0.000000000000E+00  0.000000000000E+00
  0.000000000000E+00  0.100000000000E+01  0.000000000000E+00
  0.000000000000E+00  0.000000000000E+00  0.100000000000E+01
  0.000000000000E+00  0.000000000000E+00  0.000000000000E+00
   84
   21      4.807839172727     -4.960768935189      6.261758781002
   21     -4.936030119982      4.797387787137      6.255658197583
   21     -2.923748212859      4.750910707695      3.127662555049
   21      2.774557245359     10.384502858920      3.132178957849
    8     10.991865256800      1.278134219513      0.123156106552
    8     -3.347889633733      6.178641286959      6.348626909788
    8      3.119913048566     -1.684634483591      9.140222440256
    8      4.537833568410      9.227243397745      2.886157736387
    8      6.039227718027     -3.242637247712      6.017865430383
    8      1.594806582558     10.710793628004     -0.218118754814
    8      9.148320942409      4.318192578151     -2.987688220172
    8     -1.507755850010      3.188313931012      3.242027788511
    8      1.941922492106      9.051867400838      4.514305191862
    8     -2.065515570824      6.075563461660      4.507103187237
    8     -5.894611391294      5.975130053190      4.777444497343
    8      5.750324898565      9.151748178809      4.780937412832
    8     -1.753961123638      5.687475599809      1.634062077073
    8      1.607221869412      9.443947743596      1.642412356918
    8      1.468898823368     13.257942063880      1.403734846569
    8     -1.607416749500      1.884166750829      1.414596794228
    8     11.427047361534      3.657888298599     -1.430002818008
    8     -3.812832155381      3.821365588074      4.784073726079
    8      3.876452164437     -4.055886841361      7.914689929626
    8      3.737415162719     11.543972257637      1.676561384327
    1      3.956211060795     -3.062623177009      4.651733538866
    1      3.638037339476     10.549589281921     -1.613445253282
    1     10.706261797222      3.844848545764      1.520539350420
    1     -3.093864449817      3.632594123772      7.763288920781
    1     -0.051394559411      7.544608237877      4.679454472418
    1     -0.061570246903     -0.073326831992     10.841615856032
    1     -0.047199399531      7.549081917096      1.479191112376
    1     -0.048861583988     -0.063922304301      1.579940318997
    1      9.655251700637      0.808032699249      2.139619976728
    1      5.750793260913     -0.991345788826      2.140160755038
    1      1.826305763263     -1.103244259090      7.148671372077
    1      5.823366506590      8.616640422871      0.907212287105
    1      6.625467488960     -1.948126430563      4.017299894312
    1      8.777406701697      1.764422692397      4.018845934478
    1      8.647619757278      5.643508562355     -0.965471894684
    1     -0.996308472697      1.867060222657      5.269777100345
    1      3.055233988958      5.370468002339      6.048715120248
    1      4.816172603415      6.247067775334      4.548162878878
    1      4.374341700820      6.477598278391      2.124731734166
    1      2.170399127288      5.826133435444      1.198901131177
    1      0.415609951955      4.927186723890      2.703880646717
    1      0.855126273766      4.698322900282      5.114149317615
    6      9.906899112151      1.069681656999     -0.506516809834
    6     -2.263382929102      6.394169727498      5.722975743892
    6      2.066506683654     -1.391008153372      9.792563802124
    6      5.570102965319      8.896084788861      3.550124746810
    6      6.329623319750     -2.183272871080      6.658835398781
    6      1.303444442854      9.653008376895      0.427701179915
    6      8.917728875107      5.399420442057     -3.612484671410
    6     -1.276224350678      2.103040020878      2.622282209834
    6      7.703050479407     -0.092334621312      2.340898078295
    6     -0.051321112786     -0.065119005588      6.948551489239
    6      7.704934075580     -0.093676273867      3.820280976354
    6     -0.047605393636     -0.062264356587      5.469835736466
    6     -0.061758928704      7.557376725614      5.759319291056
    6     -0.060076534227     -0.072666757320      9.760482663139
    6     -0.056890227664      7.555174010272      0.398327579646
    6     -0.048072259399     -0.063063003148      2.660691436770
    6      8.785848831185      0.421500106531      1.622994653379
    6      6.620354617615     -0.604325551382      1.624156082715
    6      0.985751490952     -0.661055572088      7.667792477397
    6      6.658002452740      8.166135039306      1.428808617413
    6      7.089799080892     -1.120352891217      4.537861936981
    6      8.320056189755      0.932639303793      4.539172884186
    6      8.241073538376      6.504036013354     -1.481632793072
    6     -0.586552280239      1.008182957443      4.753463518497
    6      8.778967170947      0.443486624934      0.230681021866
    6     -1.137614110413      7.023674411330      6.460121580760
    6      0.974310961229     -0.688445049068      9.060798272791
    6      6.660397232811      8.186201396163      2.822901949078
    6      7.066126750201     -1.112634143964      5.931431742227
    6      0.581369340398      8.574334430234     -0.303846476836
    6      8.263722444529      6.512162927252     -2.874455469185
    6     -0.610539581886      0.998624424606      3.360649284057
    6      2.864243748129      5.460853142245      4.985421146421
    6      3.853115763085      5.958945771312      4.141947635045
    6      3.604657229350      6.086386210911      2.778559010279
    6      2.367382616792      5.719860832287      2.259446517306
    6      1.379749443962      5.216253594313      3.100884326932
    6      1.629888043410      5.085746791240      4.463126113430
    0    0
