   3   1   1 E -6.0092110460438E+03 DE 9.6E-09( 14)
 -0.772335167024E+01  0.770025118634E+01  0.623107837171E+01
  0.771948222190E+01 -0.770803714897E+01  0.623592089646E+01
  0.770308842547E+01  0.768772787675E+01 -0.624069218171E+01
    1
  0.100000000000E+01  0.000000000000E+00  0.000000000000E+00
  0.000000000000E+00  0.100000000000E+01  0.000000000000E+00
  0.000000000000E+00  0.000000000000E+00  0.100000000000E+01
  0.000000000000E+00  0.000000000000E+00  0.000000000000E+00
   84
   21      4.744389353674     -4.964465504602      6.189905867071
   21     -5.057851767789      4.753935013531      6.185894597881
   21     -3.035327636509      4.785186218181      3.060284969262
   21      2.680889240890     10.412623986397      3.067747777933
    8     10.754467248262      1.468395347826      0.158464472463
    8     -3.345201418196      5.988208387533      6.402606835525
    8      3.086775795622     -1.554681181206      9.184794291551
    8      4.298270497789      9.066454679243      2.928995417316
    8      6.110282969757     -3.367635919026      6.073455173609
    8      1.269094019425     10.851197594971     -0.166286265848
    8      9.167630950455      4.425409082084     -2.946592615180
    8     -1.778428186069      3.089850143325      3.296859432713
    8      1.764950336653      9.190462625376      4.529037255473
    8     -2.095572278769      5.979708713175      4.531458035600
    8     -5.916362801916      6.065437745574      4.791115687553
    8      5.570945937345      9.112297084317      4.780478000820
    8     -1.716030998030      5.639060390506      1.668390922559
    8      1.363311872420      9.556797483336      1.669096481931
    8      1.455434909962     13.382512267626      1.417074583294
    8     -1.764390719216      1.833772098054      1.429190460050
    8     11.512823584260      3.669783742660     -1.677492507314
    8     -4.139888297023      3.815704645990      4.545795302088
    8      3.758758197331     -3.857519026499      7.665348996609
    8      3.611048170529     11.333008020482      1.425391974180
    1      3.540411756460     -3.101824723959      4.730051447808
    1      3.840926095015     10.588215386255     -1.536639315151
    1     10.546323716031      3.550232381857      1.576671111112
    1     -3.168985444615      3.899628306446      7.816995196990
    1     -0.158443178723      7.573577804159      4.701342560221
    1     -0.183188520936     -0.132192698579     10.855301838943
    1     -0.213995524440      7.619783882205      1.494132738075
    1     -0.128526690066     -0.071469906705      1.594497218684
    1      9.468660834890      0.881689802505      2.158959661499
    1      5.691466748565     -1.156139197710      2.170291575444
    1      1.775716319849     -1.037887021328      7.169618008352
    1      5.622691613151      8.548036713650      0.917555473470
    1      6.634634941950     -2.062437515051      4.046842543608
    1      8.528318136168      1.797483011151      4.037812316810
    1      8.586220220991      5.721863288826     -0.951986751340
    1     -1.172563693669      1.802073813878      5.291146613175
    1      1.567152873221      2.946151784867      4.995631555392
    1      4.006573804758      2.954254088294      4.562220578099
    1      5.035034745809      4.826892088285      3.307521704890
    1      3.620473803746      6.681296727986      2.477706627168
    1      1.198491151414      6.689636545561      2.934210381647
    1      0.162134344161      4.824818677857      4.192948734291
    6      9.695971518540      1.181337080121     -0.487098517062
    6     -2.287217797898      6.269807757277      5.754651353013
    6      2.006488392542     -1.326414365390      9.812819014926
    6      5.366210032299      8.805189727210      3.564810421937
    6      6.333682259569     -2.283454985984      6.694623356474
    6      1.043342908679      9.767696963714      0.455647935910
    6      8.883609763872      5.483789252012     -3.595153317976
    6     -1.468100778503      2.040159930175      2.646509382962
    6      7.581151527681     -0.138095676458      2.361616411616
    6     -0.153143991455     -0.091866412242      6.964208577877
    6      7.577723936339     -0.131416990558      3.841435088394
    6     -0.140590841310     -0.080020313210      5.485870256109
    6     -0.152991787684      7.567741657807      5.781098959354
    6     -0.176195883678     -0.123757332544      9.774540877770
    6     -0.182588399949      7.602709848715      0.414811957031
    6     -0.130197693869     -0.072824665300      2.675447990522
    6      8.623954440677      0.446227756379      1.640645302575
    6      6.533713314677     -0.721532474961      1.647187785341
    6      0.910709333108     -0.638371513559      7.683429945017
    6      6.474967430219      8.128998419598      1.437239575482
    6      7.033186756948     -1.197210704167      4.561058567970
    6      8.111427024194      0.943293117866      4.556362734750
    6      8.153294392191      6.566603279727     -1.472231959405
    6     -0.726346603573      0.964991365766      4.769702759409
    6      8.609998192001      0.474975245776      0.247228492338
    6     -1.187408565752      6.957648933477      6.484648582821
    6      0.891881155363     -0.675518273109      9.075819501920
    6      6.472038176691      8.136310804700      2.830714988110
    6      6.990936892120     -1.176045864419      5.953579057274
    6      0.394469613276      8.655197072413     -0.285874812698
    6      8.183825417871      6.578211871453     -2.864870700148
    6     -0.747332867033      0.959583200348      3.376086443443
    6      2.018944339814      3.767894158193      4.450373284667
    6      3.388509164349      3.769820580923      4.202953839282
    6      3.966861253785      4.819923421311      3.495899172951
    6      3.175057553267      5.866072473798      3.033444007920
    6      1.807072581196      5.866868630590      3.288410745270
    6      1.226968902589      4.819432617765      3.997915606512
    0    0
