   3   1   1 E -6.1763511698537E+03 DE 3.9E-08( 18)
 -0.774796415220E+01  0.767136919084E+01  0.623239670181E+01
  0.773949061594E+01 -0.767404253776E+01  0.622540434904E+01
  0.774908486660E+01  0.767475768171E+01 -0.623562820611E+01
    1
  0.100000000000E+01  0.000000000000E+00  0.000000000000E+00
  0.000000000000E+00  0.100000000000E+01  0.000000000000E+00
  0.000000000000E+00  0.000000000000E+00  0.100000000000E+01
  0.000000000000E+00  0.000000000000E+00  0.000000000000E+00
   75
   21      4.897679245244     -4.706888820822      6.245964224286
   21     -4.898430335229      4.969273947122      6.267518937281
   21     -2.865186692053      5.001340749840      3.142889035484
   21      2.889268709134     10.620478253157      3.155061802214
    8     10.944687474904      1.721201743282      0.223730524676
    8     -3.196304255260      6.228467925935      6.485202417863
    8      3.243700435201     -1.323421828330      9.209373924698
    8      4.469107387274      9.222132439152      3.036797196818
    8      6.327103848051     -3.156244864589      6.152939404259
    8      1.519950332272     11.012157733887     -0.099880205991
    8      9.300252724178      4.581266945170     -2.916923384287
    8     -1.616679067452      3.293737111265      3.363937091875
    8      1.922152362881      9.420387921955      4.603612599438
    8     -1.958912982969      6.229610728530      4.605092234728
    8     -5.750282739198      6.265921300531      4.848404880852
    8      5.772037083470      9.307978085363      4.866290583373
    8     -1.550082784338      5.851835747004      1.732762098780
    8      1.633827601115      9.713238970033      1.731174867015
    8      1.603183792330     13.556367487932      1.480462269645
    8     -1.661889155603      2.022902546540      1.504797633673
    8     11.735867000173      3.925800114253     -1.607368956787
    8     -3.953820225876      4.043760371711      4.640210809013
    8      3.948406876672     -3.608021618589      7.745829633312
    8      3.824943910153     11.574254411791      1.536846217505
    1      3.903737619566     -2.777897543082      4.701403450911
    1      4.032161161165     10.789181542131     -1.457553057396
    1     10.752543015470      3.879311998627      1.613053045795
    1     -3.023488257357      4.213056089687      7.947137829072
    1     -0.018767402778      7.823947117909      4.774149406058
    1      0.004097881477      0.115495632952     10.915931194497
    1      0.072399446510      7.766450162423      1.576500608103
    1     -0.040507923415      0.115364228954      1.656031777550
    1      9.680414454606      1.101253883107      2.222384104085
    1      5.895390109702     -0.922253873024      2.252627642956
    1      1.842511198275     -0.928308949822      7.203607952663
    1      5.752431101205      8.681026381368      1.014043112339
    1      6.869252997050     -1.858114971519      4.118907197032
    1      8.758804295895      2.002401476353      4.102442617346
    1      8.655799480324      5.819770206813     -0.909567660420
    1     -1.090117528965      1.948537143181      5.370414589379
    1      4.264120185597     -0.323862488361      6.328685780818
    1      2.712696011339      0.037329500829      5.146483359135
    6      9.881525668171      1.437476006486     -0.416463496606
    6     -2.141226029224      6.509826057200      5.831588515890
    6      2.168005315052     -1.106950767041      9.852015565976
    6      5.551920230545      8.985380581807      3.656198167390
    6      6.556554862812     -2.068228379594      6.763523191512
    6      1.302724323716      9.926333867307      0.524075956342
    6      9.018656607855      5.647139762086     -3.548100575149
    6     -1.357663274438      2.226678707379      2.719174531845
    6      7.794062299878      0.080318441822      2.431792526157
    6     -0.079273164828      0.039911086099      7.026790730949
    6      7.815641969375      0.070293382334      3.910350484660
    6     -0.096071838691      0.042523455724      5.547235390145
    6     -0.000559975881      7.802294945863      5.854854636655
    6     -0.019443764234      0.091784007121      9.835534698181
    6      0.077944050305      7.757060188373      0.495642763288
    6     -0.060900199923      0.091439295650      2.736621627995
    6      8.829401352393      0.673246050263      1.708338135207
    6      6.733367116582     -0.486807565701      1.722997917614
    6      1.000891609108     -0.496809204228      7.730890436698
    6      6.618310300483      8.273094031179      1.519780537556
    6      7.283425073994     -0.999665457739      4.631511009136
    6      8.358002658115      1.141792550345      4.622807868779
    6      8.226792466927      6.673629626107     -1.417401997940
    6     -0.663038403371      1.106464837016      4.840583616060
    6      8.798661322966      0.723702799336      0.316639968451
    6     -1.030035993486      7.185355049425      6.560895055684
    6      1.028023259434     -0.484874977824      9.124321259030
    6      6.652953988896      8.316005838832      2.911522332652
    6      7.253016805935     -0.980775446860      6.025807088144
    6      0.646231228791      8.811950469553     -0.210229543826
    6      8.280659502668      6.712908391046     -2.810946157579
    6     -0.675480294237      1.119111500744      3.448081225888
   16      4.041295812041     -0.220696126725      4.987954076282
    0    0
