   3   1   1 E -6.1225253950493E+03 DE 1.3E-08(  3)
 -0.791524296607E+01  0.752400215936E+01  0.623379636777E+01
  0.791078566408E+01 -0.752393553462E+01  0.622695442570E+01
  0.788753223929E+01  0.749218012729E+01 -0.623332596954E+01
    1
  0.100000000000E+01  0.000000000000E+00  0.000000000000E+00
  0.000000000000E+00  0.100000000000E+01  0.000000000000E+00
  0.000000000000E+00  0.000000000000E+00  0.100000000000E+01
  0.000000000000E+00  0.000000000000E+00  0.000000000000E+00
   86
   21      4.925918510434     -4.619514145044      6.323256570439
   21     -4.950710062447      5.028717957529      6.330421563357
   21     -2.950806352013      4.996302259663      3.180077585576
   21      2.920790821605     10.424114987694      3.185581830497
    8     11.235702546536      1.475343616723      0.186223215535
    8     -3.314691390892      6.372317229601      6.470135470899
    8      3.234556925212     -1.280493106476      9.199449305117
    8      4.658183525349      9.234093370323      2.987937734553
    8      6.283758020676     -3.000998103490      6.136017844470
    8      1.676010823097     10.830026507486     -0.148140580272
    8      9.470878622725      4.503173227392     -2.887752943833
    8     -1.643288511661      3.354909960489      3.332264960189
    8      2.065763234522      9.066660828934      4.554197584400
    8     -2.105667834075      6.312446936938      4.577740176778
    8     -5.879160600237      6.256435192967      4.876261442430
    8      5.888241537784      9.234103069202      4.868106408366
    8     -1.710952787979      5.870057331854      1.709071871373
    8      1.706465860538      9.550178430370      1.703859683907
    8      1.608432227817     13.330671721963      1.514316140184
    8     -1.724950097849      2.028864051083      1.520040678919
    8     11.711375053730      3.834585465964     -1.391519693860
    8     -3.887874967422      4.078245325026      4.811256335428
    8      3.982049006896     -3.604642579656      7.895611535002
    8      3.870262396782     11.549738157022      1.694645382909
    8      1.642050020269      4.019630495684      4.869228091865
    1      3.599236335233     -2.720506493933      4.939867573865
    1      3.800854664639     10.628637213331     -1.531766761313
    1     10.924689403540      4.078825806001      1.569839197176
    1     -3.076569117329      3.857208928202      7.810920102242
    1      0.005101223627      7.649838140959      4.744316499255
    1      0.017227506837      0.245595298266     10.930740679651
    1      0.038076440000      7.686109727807      1.550541779374
    1     -0.055981923719      0.174153233992      1.671834985113
    1      9.925968106611      0.973832165144      2.186300037470
    1      5.992509347546     -0.741532518332      2.222925045029
    1      1.859574812261     -0.822939115797      7.224919204918
    1      5.941536142071      8.644276673857      1.011609410523
    1      6.900419704187     -1.746576520824      4.102433379422
    1      9.034815140051      1.978754279764      4.064799583637
    1      8.871606756616      5.778905198147     -0.875724918169
    1     -1.082255371290      2.054380516136      5.363623923544
    1      2.144690449088      3.206967112671      6.655592300881
    1      2.527256646217      2.477348747618      2.967974002183
    1      3.643872566593      0.403078016596      2.098446082413
    1      4.513261037216     -1.260697107422      3.685137484153
    1      4.353191312930     -0.863382885299      6.140494076046
    1      3.293055319651      1.196581100050      6.978567231910
    6     10.161606127243      1.245974774343     -0.456069017152
    6     -2.242859913669      6.579053431753      5.812452482767
    6      2.184473581696     -1.011156721216      9.868575394878
    6      5.711949020896      8.951572403024      3.644613185513
    6      6.567951878202     -1.925465795379      6.747137357132
    6      1.397846687675      9.765164799581      0.489675163210
    6      9.188375087220      5.571338917797     -3.515285575727
    6     -1.385637503413      2.273792940298      2.720634587191
    6      7.962045935447      0.108729980447      2.404130551679
    6     -0.040664737664      0.169239548419      7.038224341839
    6      7.972244337459      0.111737335056      3.884541395735
    6     -0.056298404828      0.163258637910      5.560986441523
    6      0.013809691592      7.648721663596      5.824972094866
    6      0.001431700696      0.221218339634      9.849977331844
    6      0.047520005200      7.669890724424      0.469681500200
    6     -0.057963672114      0.169346395485      2.752614810735
    6      9.045092345483      0.604553051548      1.676755662349
    6      6.860363380798     -0.373735355957      1.695613270687
    6      1.022721745323     -0.386865808746      7.751588804997
    6      6.799982339429      8.233588657951      1.526780761151
    6      7.363206013723     -0.912002665209      4.612289978977
    6      8.578884901289      1.150797886050      4.592936646768
    6      8.421150721494      6.616075502851     -1.391747217626
    6     -0.646158566479      1.208423746100      4.848042531364
    6      9.025247301441      0.631045110827      0.283111079047
    6     -1.071352246872      7.143736850403      6.535539731016
    6      1.045390175469     -0.373534724899      9.145384450312
    6      6.823195515353      8.276644251279      2.918422164462
    6      7.328165273941     -0.882685384413      6.005813526689
    6      0.686807900901      8.681259495656     -0.240582719031
    6      8.449465448523      6.631532579457     -2.783180169286
    6     -0.674396598284      1.197576467703      3.456189343378
    6      2.164020785314      3.147813354636      5.547505537904
    6      2.843457507168      1.953332154096      5.016115620604
    6      2.945561209741      1.736625264536      3.638411183054
    6      3.559359097739      0.589010835275      3.162109948247
    6      4.057602026310     -0.352638549431      4.063022563813
    6      3.964838038898     -0.139185209756      5.436094754623
    6      3.367277586123      1.020379347324      5.911071517031
    0    0
