   3   1   1 E -5.8903499196882E+03 DE 1.6E-07( 10)
 -0.765498242965E+01  0.775662255135E+01  0.623493546360E+01
  0.765164510600E+01 -0.775723666758E+01  0.623154765197E+01
  0.765541888705E+01  0.775769823371E+01 -0.623571874603E+01
    1
  0.100000000000E+01  0.000000000000E+00  0.000000000000E+00
  0.000000000000E+00  0.100000000000E+01  0.000000000000E+00
  0.000000000000E+00  0.000000000000E+00  0.100000000000E+01
  0.000000000000E+00  0.000000000000E+00  0.000000000000E+00
   74
   21      4.873261772640     -4.815655925191      6.228184269194
   21     -4.862561283476      4.921481855177      6.239576615463
   21     -2.814366215335      4.959413165263      3.128971427558
   21      2.828482912256     10.665499385621      3.133019315712
    8     10.814520784782      1.710363024843      0.231614901366
    8     -3.156878257909      6.167582176389      6.464748647276
    8      3.241573840078     -1.423429418771      9.234250037652
    8      4.404557871663      9.264317791918      3.007518611066
    8      6.250873618949     -3.219791145760      6.118157707202
    8      1.416662888361     11.085533321582     -0.103469272068
    8      9.230848765421      4.608766424543     -2.904656718336
    8     -1.578047371901      3.246831373707      3.348535573571
    8      1.889267510099      9.479955807745      4.609083639235
    8     -1.889152055671      6.160229418302      4.604294967425
    8     -5.703398536847      6.238000914189      4.838401401993
    8      5.701494765017      9.352073657703      4.842315142001
    8     -1.492648872569      5.812909988155      1.735551990702
    8      1.509945286073      9.800458724072      1.738240537652
    8      1.607964550467     13.634380443382      1.471576776219
    8     -1.578226086659      2.003074525647      1.471776164447
    8     11.621673198077      3.871353472530     -1.649303570190
    8     -3.933159380486      3.989062168176      4.603543432912
    8      3.912813909040     -3.709716744381      7.717867912913
    8      3.762540975457     11.572716085496      1.485420357487
    8      3.832960456429      0.547620343387      5.327107308420
    1      3.837922651614     -2.926988472075      4.671973276878
    1      3.996291184859     10.830055058319     -1.475658338847
    1     10.643248587086      3.794286201040      1.621135642582
    1     -2.970547706819      4.073296362871      7.870344530642
    1      0.001476482947      7.819357818771      4.771603656249
    1     -0.002755482324      0.040977116431     10.905259991449
    1      0.003542341242      7.810906787965      1.567772234194
    1      0.009986407399      0.057610301291      1.641465187639
    1      9.517445380712      1.124837383878      2.234267072424
    1      5.787907910013     -1.000973928463      2.229738843005
    1      1.908862720994     -0.934634214890      7.213903241187
    1      5.728038079146      8.764395984945      0.981063147499
    1      6.745601738825     -1.889374517602      4.105464948656
    1      8.564529244118      2.005935937607      4.110966315155
    1      8.660543993152      5.904851989089     -0.904087399332
    1     -1.012031335820      1.937462272279      5.340889882279
    6      9.756092428313      1.418012883902     -0.411490292426
    6     -2.100382540901      6.462862677239      5.819788654212
    6      2.159628797409     -1.194191354356      9.858978468564
    6      5.486510438174      9.031530002996      3.630106694030
    6      6.474370280256     -2.141766233993      6.751357932417
    6      1.191030553389     10.004611942113      0.525342655872
    6      8.958522686731      5.671967496634     -3.546948773707
    6     -1.291753844677      2.192619374166      2.694134341714
    6      7.652541075387      0.061886327529      2.428568658759
    6     -0.007850627403      0.039036921084      7.013747133942
    6      7.651947747079      0.060177280616      3.907476188175
    6     -0.005945934371      0.041829385367      5.534343798753
    6      0.000389543089      7.819153731073      5.852694885238
    6     -0.004236852568      0.040305332468      9.824403236177
    6      0.002125242626      7.812712100684      0.486932927774
    6      0.005748625783      0.053353575041      2.722526760726
    6      8.684931369179      0.670061948600      1.712776916248
    6      6.621633801015     -0.545537741445      1.710468608925
    6      1.056200575312     -0.512602210763      7.729871293510
    6      6.584239080876      8.347729315464      1.496340135314
    6      7.134961757579     -1.021942405916      4.622794542432
    6      8.171856613095      1.138512583489      4.626161356111
    6      8.229219000824      6.752605088579     -1.420550621516
    6     -0.580340019600      1.093412482468      4.818420086803
    6      8.677249609577      0.695688128557      0.319629730436
    6     -1.022969456747      7.186004567820      6.552088666838
    6      1.050864394637     -0.532241225144      9.122824038050
    6      6.593537469389      8.369075349575      2.889613287336
    6      7.111865708996     -1.016129674611      6.016839137800
    6      0.545236936263      8.885287929373     -0.212385426212
    6      8.261684709147      6.767375033730     -2.814248311594
    6     -0.601032218414      1.091149033611      3.424664568315
    6      3.849818304836     -0.543738928846      5.010916846123
    0    0
