   3   1   1 E -6.0092191912039E+03 DE 8.8E-08(  3)
 -0.780409920987E+01  0.760179529026E+01  0.623081568507E+01
  0.779989842053E+01 -0.760406218461E+01  0.622827098551E+01
  0.781736857807E+01  0.761406623131E+01 -0.623358657427E+01
    1
  0.100000000000E+01  0.000000000000E+00  0.000000000000E+00
  0.000000000000E+00  0.100000000000E+01  0.000000000000E+00
  0.000000000000E+00  0.000000000000E+00  0.100000000000E+01
  0.000000000000E+00  0.000000000000E+00  0.000000000000E+00
   84
   21      4.756363028481     -4.528670704699      6.277940726018
   21     -5.086678307374      5.107711733880      6.288834013593
   21     -3.064855159056      5.139634039827      3.152564556202
   21      2.770324954714     10.668450370447      3.156837358782
    8     10.843476714835      1.878560603564      0.243576533256
    8     -3.387536340321      6.377869657318      6.499657304591
    8      3.087170764023     -1.132121637340      9.233893177178
    8      4.333647862409      9.253292820140      3.058577847157
    8      6.119887085806     -2.928665707208      6.136426170821
    8      1.397285313601     11.091688025163     -0.086273936391
    8      9.228115843345      4.694044976934     -2.894416343552
    8     -1.812568194939      3.438430795613      3.392216622914
    8      1.780099515471      9.506261249902      4.613678502430
    8     -2.163105052750      6.381231834645      4.610484447821
    8     -5.958352708685      6.392176876459      4.874293074096
    8      5.615459921085      9.322534794581      4.906249828408
    8     -1.737906599136      5.967878427945      1.746268738200
    8      1.524364286477      9.774088189092      1.729752983034
    8      1.483999609721     13.615260707906      1.514892260033
    8     -1.830180870520      2.180298932667      1.524749186264
    8     11.703745564261      4.023329663539     -1.615478763426
    8     -4.136836711172      4.183682543131      4.667877541562
    8      3.804854590928     -3.426649908297      7.777857198896
    8      3.712245576492     11.650412332921      1.559891535934
    1      4.043832974732     -2.634921606487      4.571212678194
    1      3.936010300466     10.873423440642     -1.425715123451
    1     10.684206298439      3.976641715388      1.663473222268
    1     -3.180454034147      4.292833006126      7.927966768570
    1     -0.193110050771      7.946930756060      4.779999041518
    1     -0.178559540740      0.254416343361     10.942135811080
    1     -0.086960076133      7.863434442234      1.579960826109
    1     -0.200779854645      0.280885828277      1.682037375110
    1      9.574700832619      1.261167626322      2.231922984289
    1      5.775124659677     -0.726365124348      2.259788927159
    1      1.685269548088     -0.724189521288      7.222858626552
    1      5.623353689021      8.730035855702      1.042761580092
    1      6.678332550824     -1.634944875633      4.124076074811
    1      8.704854246538      2.152140512900      4.111626626531
    1      8.549825101126      5.918613986650     -0.881505834676
    1     -1.277303236314      2.096256877142      5.397015846362
    1      3.883141481596      0.213961845337      7.272654779844
    1      5.131618201565      2.300161188236      6.784244811381
    1      5.454861873517      3.029849232556      4.444932320957
    1      4.532937175174      1.674525901780      2.584004841404
    1      3.295968899605     -0.397291510080      3.059977684916
    1      2.960444957081     -1.127009547499      5.420776816451
    6      9.782360654111      1.597795384691     -0.401927778688
    6     -2.332904732214      6.653265892588      5.839983529032
    6      2.010194854758     -0.919348708862      9.876521430442
    6      5.413076101546      9.019592648678      3.687600852286
    6      6.389604581004     -1.857908170117      6.765350158435
    6      1.181354873492      9.999318078426      0.527378086739
    6      8.936598728191      5.761611378334     -3.517762914090
    6     -1.536488833414      2.377559297664      2.745333848605
    6      7.677965956055      0.261799572572      2.440859469220
    6     -0.257440114327      0.192250044678      7.051711128756
    6      7.699201307424      0.251761334870      3.918218306811
    6     -0.273623588697      0.196666571724      5.572044957033
    6     -0.174568258397      7.921729282201      5.860695557236
    6     -0.200467632337      0.234159857517      9.861615712972
    6     -0.087498679555      7.859013345837      0.499158712881
    6     -0.228244745372      0.252177162997      2.762282933308
    6      8.718288705113      0.844636287592      1.717682111904
    6      6.613988353178     -0.297069404332      1.729847423197
    6      0.834288927320     -0.322777498125      7.754678961945
    6      6.496922731481      8.338954259575      1.548589091915
    6      7.124697466024     -0.794979228194      4.639159730039
    6      8.277581679947      1.303369889716      4.630235364139
    6      8.122681403924      6.771999523530     -1.390531674668
    6     -0.843867796577      1.257783798035      4.866555143696
    6      8.688731811996      0.897059890791      0.326114800992
    6     -1.209767973722      7.313134946121      6.566418718143
    6      0.859896752703     -0.317375184143      9.148691700876
    6      6.529115021122      8.377310831152      2.941325727595
    6      7.105912055176     -0.783538266024      6.031209913996
    6      0.507261694888      8.899279766040     -0.206173444502
    6      8.181946061083      6.813507302332     -2.782586686131
    6     -0.851701380083      1.273855658981      3.473090527756
    6      4.026831652370      0.538303714299      6.249267394632
    6      4.723671659247      1.709856756094      5.972503782254
    6      4.906833575887      2.118928575873      4.655631147214
    6      4.392138623353      1.358346998226      3.610447499989
    6      3.698239207705      0.183357503846      3.881593519305
    6      3.518248359073     -0.224140854775      5.201894630609
    0    0
