   3   1   1 E -6.1763510656737E+03 DE-7.2E-08(  3)
 -0.762595261544E+01  0.777661152613E+01  0.623527906823E+01
  0.762330935535E+01 -0.776987277250E+01  0.622372338471E+01
  0.764196060084E+01  0.778597388525E+01 -0.622702917726E+01
    1
  0.100000000000E+01  0.000000000000E+00  0.000000000000E+00
  0.000000000000E+00  0.100000000000E+01  0.000000000000E+00
  0.000000000000E+00  0.000000000000E+00  0.100000000000E+01
  0.000000000000E+00  0.000000000000E+00  0.000000000000E+00
   75
   21      4.938017111479     -4.920206836712      6.155260095717
   21     -4.690853713283      4.887096133004      6.182138906462
   21     -2.651206593373      4.869937439980      3.063742249649
   21      2.910509495176     10.674365426055      3.052732633027
    8     10.969956459542      1.502617517735      0.054081016536
    8     -3.128848332733      6.299766199849      6.290462302249
    8      3.259358974895     -1.665427510659      9.057399893621
    8      4.537759161874      9.326002179905      2.890484150036
    8      6.190104867577     -3.207395266029      5.929676858669
    8      1.708930835503     10.966197076498     -0.257704777712
    8      9.143949907734      4.480999489238     -3.068315812415
    8     -1.303965163396      3.249840209378      3.192459211658
    8      2.019540444856      9.408439362097      4.476590753965
    8     -1.825931242072      6.214869336115      4.458871189432
    8     -5.628631437338      6.073130252750      4.696632757933
    8      5.885016589652      9.437235684110      4.691058981151
    8     -1.441847407026      5.794603493011      1.591161233016
    8      1.713419136386      9.704965834242      1.604220351475
    8      1.615171013092     13.547027230605      1.328755298150
    8     -1.374211501885      1.993165094893      1.331098009977
    8     11.487335581199      3.836137897342     -1.562866070728
    8     -3.585586930645      3.942313886938      4.685168818405
    8      4.011964310526     -3.989621287431      7.784281951381
    8      3.895300850560     11.765391778352      1.585397591245
    1      4.127331844559     -3.037187345828      4.499892840742
    1      3.898997399316     10.776670789702     -1.630783900271
    1     10.735433907069      4.068686423309      1.409721957626
    1     -2.772076936008      3.921824435615      7.782933941837
    1      0.109782195803      7.802418621419      4.626456380733
    1      0.089735281762     -0.066057568768     10.763640369878
    1      0.139065566226      7.750293350077      1.427131160515
    1      0.110626803844     -0.010625898272      1.501529505136
    1      9.629652306274      1.010022876647      2.090126916474
    1      5.772574967457     -0.891724557934      2.070972276079
    1      1.938216622910     -1.106484055510      7.055026771943
    1      5.817871804561      8.749458872653      0.856068954375
    1      6.682505466584     -1.848949354779      3.941957408431
    1      8.724357848736      1.928275782888      3.971475076756
    1      8.622406199968      5.784731899318     -1.049041811095
    1     -0.850436106948      1.887850940720      5.209106488776
    1      0.157954667999      5.044434948668      8.169467952576
    1     -0.058415141405      3.324883428845      9.139875921751
    6      9.878355570909      1.287105100721     -0.559517807198
    6     -2.053489995430      6.549954796847      5.664067154024
    6      2.197130300389     -1.393814992013      9.704632356768
    6      5.620346228539      9.069809438035      3.501025872382
    6      6.461600932996     -2.152072985338      6.589185128467
    6      1.417712881188      9.908435458225      0.386852066118
    6      8.920209379998      5.564362903202     -3.693303306016
    6     -1.077657710559      2.174366739418      2.555112118224
    6      7.699705438581      0.057510398543      2.281743119613
    6      0.053746615043     -0.077717384292      6.870926644470
    6      7.701895398075      0.042465171276      3.760710349230
    6      0.058788113990     -0.061131988868      5.391426462598
    6      0.097451321193      7.814041317657      5.707190736780
    6      0.076712058487     -0.073533800897      9.682638491415
    6      0.120323895459      7.767536965427      0.346323346619
    6      0.095234233262     -0.024887754240      2.582197195820
    6      8.774109773714      0.598238613556      1.569712179136
    6      6.634294175313     -0.483630195823      1.559178943889
    6      1.099327006390     -0.669814961439      7.581847776654
    6      6.656955631959      8.296328663598      1.367904516473
    6      7.129158975999     -1.015184909939      4.469378317183
    6      8.293637200438      1.078055790198      4.484550517012
    6      8.232542329148      6.656104941174     -1.559665516213
    6     -0.454961542541      1.027705026928      4.683355389506
    6      8.773022110024      0.617199339514      0.177898909930
    6     -0.965264682439      7.248116508118      6.400949770896
    6      1.101148058001     -0.695251705743      8.975042800046
    6      6.680966082268      8.328149535846      2.762177745180
    6      7.130677836840     -1.033640064407      5.863282815682
    6      0.712235941663      8.819973346904     -0.347361435571
    6      8.272366141564      6.680212786610     -2.952229416644
    6     -0.457515710222      1.038465268515      3.288984463545
   16     -0.188864891670      3.764646357037      7.857408549288
    0    0
