   3   1   1 E -5.9656206852361E+03 DE 8.1E-08(  3)
 -0.777124815079E+01  0.763602601833E+01  0.623499980741E+01
  0.776729239056E+01 -0.763796387364E+01  0.623254694907E+01
  0.777689588207E+01  0.764326695825E+01 -0.623739625565E+01
    1
  0.100000000000E+01  0.000000000000E+00  0.000000000000E+00
  0.000000000000E+00  0.100000000000E+01  0.000000000000E+00
  0.000000000000E+00  0.000000000000E+00  0.100000000000E+01
  0.000000000000E+00  0.000000000000E+00  0.000000000000E+00
   75
   21      4.968731139203     -4.859500236458      6.096732097192
   21     -4.839677369748      4.789277176614      6.105316806008
   21     -2.830843640484      4.831053024793      2.970845633019
   21      2.959922838907     10.384071293601      2.964654981522
    8     11.037433133289      1.541861214486      0.073727163871
    8     -3.140362182129      6.042663287599      6.299269541100
    8      3.335129773657     -1.440135104242      9.097394018262
    8      4.555277153123      9.001594469772      2.855681533215
    8      6.350068352695     -3.268482866628      5.964479212553
    8      1.547027330331     10.846492470368     -0.262289413183
    8      9.488142132764      4.454397055423     -3.039675845935
    8     -1.579060392298      3.129855525973      3.195098110593
    8      2.018511864854      9.183779116532      4.434795772655
    8     -1.878856675490      6.018791937117      4.435545783247
    8     -5.713455418052      6.105300607558      4.709495731552
    8      5.839457425217      9.107452521300      4.698495154689
    8     -1.517856286691      5.669447360944      1.562886413469
    8      1.633055505533      9.546509251765      1.569981062889
    8      1.739469922504     13.365623835220      1.340483425247
    8     -1.594731472511      1.855353599380      1.339193843485
    8     11.826164508333      3.708891923020     -1.775630593430
    8     -3.929473979054      3.859303475677      4.457778200527
    8      4.001578057659     -3.742707507459      7.573235910423
    8      3.896629818199     11.308079354374      1.334822431027
    8      1.377947206664      3.025184020185      8.535679283113
    8     -0.807252486602      3.813668509272      8.264851883896
    1      3.820543908775     -3.001059223462      4.586545604198
    1      4.111338387919     10.581988221769     -1.629775620596
    1     10.858312419787      3.636564792701      1.488368229955
    1     -2.937019199858      3.850085572903      7.707332501683
    1      0.066134378773      7.606795332915      4.605057264766
    1      0.056087735778     -0.036610854462     10.769269552025
    1      0.059941633278      7.608116456782      1.399786556038
    1      0.069537411519     -0.029596143318      1.505883858091
    1      9.729930182577      0.976607907664      2.067397700784
    1      5.939169982826     -1.038354770798      2.062265258960
    1      2.014919721410     -0.934692901002      7.082191939981
    1      5.896033606320      8.528790170415      0.837220454459
    1      6.841279414511     -1.936437679685      3.937499298902
    1      8.809867133548      1.885707399269      3.943974022433
    1      8.913624307584      5.755835605251     -1.034164944757
    1     -0.996555225682      1.838801178410      5.197993779706
    6      9.980345648801      1.259682601357     -0.578372629297
    6     -2.078206562918      6.316314377329      5.654856226897
    6      2.255501431369     -1.215854779845      9.728280031670
    6      5.636725078705      8.788176268334      3.484353080130
    6      6.579726268260     -2.184847549643      6.586872941182
    6      1.310197474601      9.764816160316      0.359153497934
    6      9.202052908945      5.515116046832     -3.681296699567
    6     -1.287691332732      2.070855371238      2.552766922147
    6      7.832843751250     -0.027426333020      2.262044217620
    6      0.068815755918     -0.023082407682      6.876996738566
    6      7.830946343840     -0.027961480548      3.741324165318
    6      0.071730822354     -0.023233410650      5.397704066564
    6      0.064818035828      7.607207163271      5.686146208265
    6      0.059518465182     -0.032608576720      9.688441180590
    6      0.061274559037      7.608482053061      0.318907002488
    6      0.070519364965     -0.027649327044      2.586951009604
    6      8.883933847877      0.547442895094      1.545927956778
    6      6.782959776137     -0.602706733783      1.544262823483
    6      1.146047854768     -0.545011176841      7.597015091566
    6      6.762414076854      8.136213844212      1.354108760431
    6      7.271219833595     -1.088782549188      4.456522612966
    6      8.387969637406      1.032182605311      4.459354205420
    6      8.457959783128      6.588026131414     -1.555441416966
    6     -0.537963097571      1.006275941955      4.679367983935
    6      8.878277428023      0.571880000370      0.152397327243
    6     -0.978417568290      7.007011843111      6.386023708595
    6      1.133711376121     -0.573502526519      8.989741323875
    6      6.765347392456      8.154514022632      2.748882510996
    6      7.249962393491     -1.081417208609      5.849852925522
    6      0.640703176742      8.661592230493     -0.380249699328
    6      8.481592720883      6.594630370995     -2.948726545683
    6     -0.563165655533      0.995304276912      3.286117404421
    6      0.286049935010      3.411922108619      8.403424161033
    0    0
