   3   1   1 E -5.9656206881906E+03 DE 6.2E-09(  3)
 -0.776938688814E+01  0.763601304150E+01  0.623271967564E+01
  0.777298556638E+01 -0.763334920191E+01  0.623384903353E+01
  0.777466211082E+01  0.763968648388E+01 -0.622948550221E+01
    1
  0.100000000000E+01  0.000000000000E+00  0.000000000000E+00
  0.000000000000E+00  0.100000000000E+01  0.000000000000E+00
  0.000000000000E+00  0.000000000000E+00  0.100000000000E+01
  0.000000000000E+00  0.000000000000E+00  0.000000000000E+00
   75
   21      4.859729103494     -4.749930829726      6.188065901270
   21     -4.948933560484      4.895894547321      6.180614441640
   21     -2.935675656076      4.932249290075      3.050239655081
   21      2.858077947519     10.481910210432      3.056626526002
    8     10.936216493664      1.635248390725      0.152136577730
    8     -3.241419121494      6.138424868480      6.394649388106
    8      3.242838581509     -1.318226271618      9.176249750365
    8      4.459620547745      9.116385216162      2.951184353948
    8      6.250858120507     -3.164729687340      6.058475206521
    8      1.443747643424     10.945067143132     -0.181940324065
    8      9.374123453702      4.546871825549     -2.952028425018
    8     -1.692667460929      3.224974770990      3.281432653706
    8      1.906702874401      9.292077225326      4.520153239859
    8     -1.994749440479      6.133439749154      4.520072424662
    8     -5.815722905150      6.206629205904      4.784164653762
    8      5.741328444892      9.211399899538      4.795459492366
    8     -1.606244254401      5.768360171092      1.657147890415
    8      1.544860670173      9.644471924779      1.648596067849
    8      1.622404725070     13.458976603130      1.425927104807
    8     -1.716971380064      1.949167058981      1.427027960751
    8      3.948679117953     -3.820135928617      4.541080258349
    8     -4.028703821432      3.970490785074      4.545946697447
    8      3.900135947916     -3.624624384317      7.654351521665
    8      3.793073864711     11.417820746993      1.426462969628
    8      8.601504953693      3.864410349514      2.129527173664
    8      6.427975177764      4.639694610261      2.510273126103
    1      3.678811653057     -2.901537721775      4.692974646245
    1      3.980505574133     10.678645912386     -1.555970879266
    1     10.731488147790      3.830446139285      1.559789831701
    1     -3.061590736150      4.042600848523      7.809144817543
    1     -0.040275247238      7.707278571803      4.690329187475
    1     -0.033842754363      0.078083270801     10.852534403849
    1     -0.034243278640      7.707280082178      1.485857030167
    1     -0.050870779487      0.066065006829      1.589164731118
    1      9.630002843079      1.076759490158      2.149267326278
    1      5.835248625880     -0.930858176135      2.155320198383
    1      1.900854666500     -0.847525528680      7.157536266248
    1      5.777868744613      8.608329886688      0.936383344608
    1      6.755696563110     -1.842825173026      4.031997867248
    1      8.729636678820      1.976507326093      4.024165499005
    1      8.790672667230      5.837223304116     -0.948398769654
    1     -1.119105331141      1.922386199468      5.286929228706
    6      9.874742625909      1.360022337267     -0.492789783322
    6     -2.184568741179      6.420813472622      5.742161881229
    6      2.161067313964     -1.105383428154      9.804527550794
    6      5.539473374370      8.893231418670      3.582108198328
    6      6.488814911486     -2.083343811939      6.679890354371
    6      1.214510425397      9.861070432915      0.440125685964
    6      9.083286310404      5.606354587057     -3.593742303944
    6     -1.407351756750      2.163980379555      2.639929400733
    6      7.734744400825      0.068775901566      2.349459595654
    6     -0.049676742962      0.059235331582      6.960223151931
    6      7.736860394354      0.069559801451      3.828729649334
    6     -0.052943740621      0.058965008894      5.480928005129
    6     -0.038772300642      7.706838489253      5.771414265538
    6     -0.038095946683      0.072683346183      9.771714988741
    6     -0.034862123735      7.706164879408      0.404981106333
    6     -0.051379602091      0.064161338745      2.670218301638
    6      8.785405248800      0.642350472653      1.631518289487
    6      6.682279422473     -0.503982570578      1.633631503764
    6      1.034721575094     -0.454702090577      7.674577991260
    6      6.647587172393      8.220223185582      1.450991911113
    6      7.178762651470     -0.989699119555      4.547104158383
    6      8.297578056263      1.130151008352      4.543559430094
    6      8.332434020717      6.669872228136     -1.467018177319
    6     -0.662946411928      1.090673730912      4.765396114827
    6      8.774972288857      0.669310509175      0.238342663841
    6     -1.081817542892      7.107674915768      6.472806609278
    6      1.032735890005     -0.471338341628      9.069309236154
    6      6.661183010930      8.250969131591      2.843691001786
    6      7.158704512704     -0.980556619354      5.940054559340
    6      0.544821760242      8.757284940044     -0.296945731493
    6      8.357741167349      6.681215835808     -2.860284354540
    6     -0.686447828887      1.084485321195      3.372142951711
    6      7.514153935144      4.259280932383      2.323257140613
    0    0
