   3   1   1 E -5.8903499422889E+03 DE 3.5E-10(  5)
 -0.777299024063E+01  0.763576554956E+01  0.623203048675E+01
  0.777183059644E+01 -0.763907351060E+01  0.623476736458E+01
  0.777352642926E+01  0.764002421171E+01 -0.623562223384E+01
    1
  0.100000000000E+01  0.000000000000E+00  0.000000000000E+00
  0.000000000000E+00  0.100000000000E+01  0.000000000000E+00
  0.000000000000E+00  0.000000000000E+00  0.100000000000E+01
  0.000000000000E+00  0.000000000000E+00  0.000000000000E+00
   74
   21      4.822974475533     -4.797925042712      6.280006942352
   21     -4.925514789506      4.924937210146      6.270448243596
   21     -2.916152595696      4.889882158655      3.137747408134
   21      2.810739290655     10.512077456040      3.142216245233
    8     10.996701219459      1.469866731010      0.155292272649
    8     -3.328735844934      6.297338609732      6.376687930958
    8      3.157741516111     -1.493116700165      9.178712898869
    8      4.522013766300      9.274219652237      2.925382757988
    8      6.060775781664     -3.087880080392      6.042113489025
    8      1.599095343557     10.861159456945     -0.191904381058
    8      9.207369460396      4.470179677436     -2.962051486712
    8     -1.517276245345      3.312080624678      3.265464512706
    8      1.952246716291      9.193828921649      4.535598631907
    8     -2.046440540396      6.205321024700      4.533072206917
    8     -5.880908485054      6.112028115186      4.804084736689
    8      5.762663917991      9.274017708131      4.804130222847
    8     -1.726920018133      5.825420619107      1.662244549358
    8      1.609955559717      9.589301959272      1.665727479514
    8      1.532145169658     13.404159316012      1.437872708472
    8     -1.608177214402      2.010693787367      1.434081030724
    8     11.498029081984      3.802715316013     -1.450086336141
    8     -3.825234983529      3.955631668968      4.783819156422
    8      3.891875676555     -3.882352995086      7.916342216185
    8     -3.992500017874      3.991843903770      7.903518306508
    8      7.174084596553      3.867199827540      1.213291297339
    1      3.977347383533     -2.911972816561      4.646613483473
    1      3.683052936184     10.675777121234     -1.603628739341
    1     10.707942889446      3.895064344307      1.587927818087
    1     -3.074047480466      3.722599745834      7.749396193382
    1     -0.052211783988      7.706863922567      4.704139056887
    1     -0.056361967673      0.057535825278     10.869336034466
    1     -0.058435682273      7.706402925534      1.499956284826
    1     -0.041128280985      0.069030386201      1.605775950739
    1      9.666830994125      0.973643015791      2.165914765169
    1      5.767510472882     -0.836540572739      2.160447793500
    1      1.859813932357     -0.926147350200      7.178837541706
    1      5.831768897960      8.709638658920      0.934458963072
    1      6.645024709868     -1.790769485783      4.037533095729
    1      8.784414976329      1.931143351536      4.041673223659
    1      8.715989709905      5.801267953274     -0.937951265977
    1     -1.014378697526      1.990015018800      5.293999567540
    6      9.919513801877      1.246167816372     -0.479310486868
    6     -2.248351951409      6.522682544229      5.746681204331
    6      2.094423707114     -1.223214977682      9.821927707688
    6      5.575953945572      8.989452158401      3.580914358449
    6      6.352440787705     -2.028429762285      6.683679881802
    6      1.304522168461      9.803545432763      0.451545196055
    6      8.977395978500      5.553093627082     -3.584514643386
    6     -1.284074378521      2.229269193768      2.644707392002
    6      7.715221981562      0.071737733870      2.363924687206
    6     -0.040839420373      0.073562855414      6.976455884963
    6      7.713886045967      0.070760632868      3.842799724580
    6     -0.038727998112      0.074522155984      5.497040508440
    6     -0.053881445236      7.707713120102      5.784992389918
    6     -0.051817858145      0.062467631160      9.788286854042
    6     -0.058355168263      7.707414902379      0.418870073631
    6     -0.040376471743      0.070719435896      2.686631820264
    6      8.798175644281      0.586915811129      1.648671806439
    6      6.635621336034     -0.445439100311      1.645216834819
    6      1.009838007044     -0.499513417668      7.695487915024
    6      6.678266439301      8.282662114998      1.456808125492
    6      7.102288536595     -0.959476742563      4.558825614837
    6      8.325242784811      1.099397756008      4.560830955650
    6      8.290713715576      6.652474721436     -1.454401877180
    6     -0.594482751128      1.135409711018      4.778718629988
    6      8.791967304756      0.611425864215      0.254703633906
    6     -1.127323170110      7.166052094351      6.484193222626
    6      0.995536976437     -0.531665015858      9.089346810133
    6      6.680586119228      8.303585827168      2.850570022933
    6      7.077210732939     -0.951635597192      5.951966351712
    6      0.578319707163      8.728370276504     -0.280745369534
    6      8.310598058832      6.658322708632     -2.847446711159
    6     -0.616560648221      1.125568613139      3.385519467406
    6      8.299236204714      3.873869878749      1.372819963097
    0    0
