   3   1   1 E -5.8927746412488E+03 DE 3.1E-08(  5)
 -0.773943028567E+01  0.764987500302E+01  0.623885683601E+01
  0.772591581192E+01 -0.765327787133E+01  0.622606016415E+01
  0.776529919248E+01  0.767878958306E+01 -0.624291441637E+01
    1
  0.100000000000E+01  0.000000000000E+00  0.000000000000E+00
  0.000000000000E+00  0.100000000000E+01  0.000000000000E+00
  0.000000000000E+00  0.000000000000E+00  0.100000000000E+01
  0.000000000000E+00  0.000000000000E+00  0.000000000000E+00
   78
   21      4.838657917323     -4.588614244860      6.604353214680
   21     -4.863101402536      5.098938218099      6.616254655171
   21     -2.821561232818      5.076529507399      3.502017975921
   21      2.849714500774     10.736395281551      3.534951570346
    8     11.044535730233      1.662926179978      0.489049357162
    8     -3.225615808986      6.447851967751      6.790930095732
    8      3.194555209166     -1.328103926244      9.520143385891
    8      4.590779274061      9.554450536915      3.256728582015
    8      6.139713585482     -2.930798305387      6.436752545497
    8      1.692508411861     11.053985829812      0.167718091126
    8      9.140094082644      4.620875249554     -2.657957611392
    8     -1.459828650160      3.476221627710      3.607327728339
    8      2.015798399939      9.377141930497      4.888310242997
    8     -1.978963496233      6.373245194865      4.922318767986
    8     -5.781192468382      6.322274624495      5.165429021421
    8      5.836528900824      9.554416608781      5.131282940902
    8     -1.635309252962      6.030276211357      2.040953396168
    8      1.726976535343      9.777906117841      2.020865070066
    8      1.602769703892     13.625643555947      1.796964729937
    8     -1.590724774806      2.164859463777      1.785613199291
    8     11.464408512561      4.039546219742     -1.073730961907
    8     -3.744350871760      4.137787425203      5.150097136723
    8      3.913014540474     -3.679813744792      8.260741448626
    8      3.816734986442     11.939654243830      2.081481300987
    8      4.126302020366     -1.208077593743      3.954871374081
    1      3.889440081689     -2.695969087167      4.955368668509
    1      3.738060434836     10.905777912010     -1.267958291269
    1     10.779849581566      4.315586269740      1.836518631317
    1     -3.025352302813      3.994230354131      8.191111978007
    1      0.022418626315      7.882956470862      5.076650941864
    1      0.011651866093      0.282602529874     11.211879762137
    1      0.044818337654      7.907957827939      1.872667382721
    1     -0.052158753014      0.203629783094      1.949130091735
    1      9.753054439006      1.139946542753      2.506488289984
    1      5.933948673754     -0.810637426867      2.560516982693
    1      1.882511108333     -0.788120146062      7.518524861035
    1      5.879335304612      8.944699047961      1.269620029748
    1      6.734638829117     -1.659071099478      4.425189698220
    1      8.885308117534      2.057885859094      4.387412051879
    1      8.697757715737      5.968070962569     -0.603242703538
    1     -0.952538956736      2.155658121164      5.637718665023
    1     -3.133341987656      8.391523871070     -2.890141035373
    1      4.000740283266      0.536741488144      5.001866067597
    1      2.858962272853      0.435321894574      3.636552825533
    1      3.959261282607     -1.595473815321      3.071851534635
    6      9.965914908936      1.418641048736     -0.133022257282
    6     -2.149358945317      6.668486184984      6.146058294792
    6      2.138341458745     -1.042260311608     10.167294714035
    6      5.643746596293      9.261537775915      3.912127315416
    6      6.419665588589     -1.859723203773      7.060395138704
    6      1.414948468453      9.987211542354      0.809629645714
    6      8.957101599921      5.725497294297     -3.252438547635
    6     -1.251563626274      2.384956865693      2.988368332768
    6      7.833821150046      0.175657775152      2.729026049971
    6     -0.003069608195      0.235411665852      7.319583199482
    6      7.830604441484      0.186814568401      4.208277384442
    6     -0.013636471859      0.221735564167      5.839928680085
    6      0.043179133127      7.861117526742      6.157145153899
    6      0.008070620359      0.269123878935     10.130881376366
    6      0.061516033308      7.888592951661      0.791864095430
    6     -0.043082288516      0.207369283293      3.029976987889
    6      8.888615810227      0.727664525438      2.001898378189
    6      6.761495543984     -0.372055356665      2.022555804335
    6      1.043268012328     -0.343893403069      8.038788769788
    6      6.722605910871      8.511308225681      1.791803681881
    6      7.209511731400     -0.832072940589      4.933189403675
    6      8.426707867089      1.231573215941      4.915699263070
    6      8.279623181967      6.823527514727     -1.118333362679
    6     -0.555378783216      1.290591282554      5.121867853292
    6      8.859001370591      0.759289602000      0.608956734256
    6     -1.006012041390      7.287442546145      6.869042489867
    6      1.040972025701     -0.351324603406      9.433359507551
    6      6.735265638499      8.552797515674      3.184501073856
    6      7.162019716742     -0.797406033771      6.325145596437
    6      0.705317125068      8.899612726764      0.082981259741
    6      8.288058116577      6.826677306788     -2.512229468087
    6     -0.594148920286      1.274976375774      3.729624729603
    6      3.874399206971      0.208108431075      3.969816760343
    0    0
