   3   1   1 E -6.1225355367379E+03 DE-2.7E-08(  3)
 -0.783712491963E+01  0.751623138543E+01  0.623542065743E+01
  0.783732584087E+01 -0.750153202425E+01  0.621994909529E+01
  0.788853286121E+01  0.754532298402E+01 -0.621708619941E+01
    1
  0.100000000000E+01  0.000000000000E+00  0.000000000000E+00
  0.000000000000E+00  0.100000000000E+01  0.000000000000E+00
  0.000000000000E+00  0.000000000000E+00  0.100000000000E+01
  0.000000000000E+00  0.000000000000E+00  0.000000000000E+00
   86
   21      4.704077538671     -4.580135309351      6.052415486659
   21     -5.119384464550      4.927597661045      6.093743317362
   21     -3.133985275493      4.965626809563      2.946657730992
   21      2.797835405266     10.407968081111      2.968824575652
    8     10.882825337923      1.716953847742      0.054644158079
    8     -3.412126846219      6.191100911158      6.297081073311
    8      3.105778923853     -1.163780319877      9.055479122090
    8      4.372125411091      9.007295559036      2.867966775688
    8      6.101605496663     -3.006763582993      5.948564043301
    8      1.392958071585     10.885929570750     -0.245080679776
    8      9.261345070529      4.498713454415     -3.117378194635
    8     -1.859429994861      3.283744259218      3.170108590119
    8      1.811964393265      9.210871790867      4.409485634050
    8     -2.166803744047      6.149191447047      4.421066296276
    8     -5.987527980573      6.239174145425      4.696107809834
    8      5.650998247793      9.128739854898      4.714466566255
    8     -1.829920678272      5.814326780013      1.546279184333
    8      1.544504642177      9.514121733177      1.529705286648
    8      1.576714582248     13.407988745441      1.354400073310
    8     -1.928734096902      1.992520203776      1.324122202962
    8     11.711348682496      3.876447324196     -1.807353828286
    8     -4.204792600076      3.998565748159      4.457603102530
    8      3.762375561722     -3.502884880232      7.576839785285
    8      3.746195490957     11.381019292689      1.362252007429
    8      3.909321625065     -0.866090985170      4.424343927829
    1      3.859992147451     -2.687153109119      4.385300235595
    1      3.953592670611     10.624429099554     -1.614168623571
    1     10.710446463279      3.839535193475      1.472076044983
    1     -3.245831405509      4.150502469961      7.771789824225
    1     -0.168117314633      7.671630475410      4.585895375480
    1     -0.185510109197      0.170022853253     10.742913087846
    1     -0.169531655788      7.688433998744      1.386964074129
    1     -0.271436363747      0.117296142828      1.481836172638
    1      9.578588647852      1.149930535650      2.041223049777
    1      5.750868378760     -0.790223284365      2.055262628998
    1      1.722184739336     -0.774278073027      7.034983728231
    1      5.689156030425      8.530127602264      0.850769835062
    1      6.608814172138     -1.683929540208      3.920985285193
    1      8.707995034078      2.069315828969      3.918256457449
    1      8.730045012104      5.795658097790     -1.056558006904
    1     -1.323757018101      1.959502948795      5.188444868914
    1      3.264751393729      0.016466611860      2.720615035859
    1      3.556226552836      0.768062977171      6.418991971577
    1      2.603855319111      2.816420002419      7.461612495625
    1      1.425521306417      4.482184984588      6.050084657766
    1      1.194196065319      4.118369694686      3.620740930453
    1      2.150235008979      2.069797208633      2.584751840413
    6      9.832475060961      1.421856780738     -0.600477163401
    6     -2.348200796727      6.442456696269      5.642515461586
    6      2.023154530474     -0.965832319181      9.691766911711
    6      5.458489688175      8.813364694281      3.497742958515
    6      6.339798296368     -1.920847304424      6.559867419204
    6      1.167409650394      9.784050678176      0.348228090595
    6      9.021748180981      5.595211200777     -3.705256932866
    6     -1.611490697737      2.208917370064      2.532985340193
    6      7.663855670960      0.180674100100      2.241883884120
    6     -0.240128839902      0.105352728184      6.852910953782
    6      7.662176382646      0.189114123553      3.719272278018
    6     -0.259942406014      0.095258347229      5.373571243166
    6     -0.167559375502      7.673709749375      5.667092161275
    6     -0.200429433916      0.152385503042      9.662325619254
    6     -0.173568950997      7.689317936400      0.306144004472
    6     -0.271931086048      0.108381335227      2.562897574685
    6      8.726280592361      0.729683677211      1.522948067524
    6      6.602947463481     -0.379372633157      1.528443179355
    6      0.859574137637     -0.385567208854      7.561008836977
    6      6.570080012575      8.161355535527      1.360570248028
    6      7.068414252109     -0.850830721900      4.434553602427
    6      8.255951114426      1.231400933499      4.434082146128
    6      8.242394098552      6.616222575211     -1.567019795391
    6     -0.878246229617      1.125049295480      4.662510224454
    6      8.723286776814      0.742845062975      0.130026691193
    6     -1.226007902941      7.102203746845      6.370545131309
    6      0.873886846196     -0.377722093106      8.955190795349
    6      6.593702142813      8.202955051277      2.753609214025
    6      7.044409532811     -0.840011897710      5.826044482471
    6      0.444597515898      8.719536159761     -0.393999494043
    6      8.262998804736      6.636397343980     -2.960483939156
    6     -0.910072022208      1.121203611807      3.269282602306
    6      3.397683742689      0.076677927108      3.815729704320
    6      2.910054057811      1.302222449704      4.442456859074
    6      3.043027361362      1.511687541407      5.821046989631
    6      2.511148279082      2.653893838348      6.394552314205
    6      1.847641205582      3.590603334430      5.599383183512
    6      1.721819103706      3.392825034432      4.227499394037
    6      2.256804506448      2.250030398209      3.648936959061
    0    0
