   3   1   1 E -5.8927599492806E+03 DE-8.4E-10(  3)
 -0.756908128533E+01  0.784154727728E+01  0.623165501321E+01
  0.756631091498E+01 -0.783643320905E+01  0.622175367912E+01
  0.757375100157E+01  0.784133477198E+01 -0.622515210348E+01
    1
  0.100000000000E+01  0.000000000000E+00  0.000000000000E+00
  0.000000000000E+00  0.100000000000E+01  0.000000000000E+00
  0.000000000000E+00  0.000000000000E+00  0.100000000000E+01
  0.000000000000E+00  0.000000000000E+00  0.000000000000E+00
   78
   21      4.655988525857     -5.042787483142      6.385342726797
   21     -4.940750085128      4.841048379657      6.397464104750
   21     -2.885615269745      4.744678280243      3.318016997006
   21      2.596918848533     10.670605410609      3.296354708894
    8     10.657958407751      1.403128650145      0.291672311183
    8     -3.354728942096      6.220346934283      6.483734046982
    8      3.014228616337     -1.792169039661      9.300331148017
    8      4.323455685703      9.449278693549      3.051610272042
    8      5.862928787532     -3.291226779593      6.228999064816
    8      1.392420246851     10.970023257342     -0.059300974831
    8      8.807330952097      4.437569247659     -2.815400203655
    8     -1.480667432808      3.191253658804      3.369749480707
    8      1.791390003082      9.339549140636      4.693182800242
    8     -1.989857518792      6.022854184473      4.711803997196
    8     -5.855438538132      6.035574462028      4.913347515563
    8      5.601060772389      9.472393243390      4.905018468620
    8     -1.753140587482      5.824836689060      1.856249377577
    8      1.438526051671      9.720356292305      1.811328145382
    8      1.305388293655     13.531343497600      1.551682415050
    8     -1.573804288871      1.912441535929      1.527208097007
    8     11.102550169201      3.768163803010     -1.298460126734
    8     -3.824937686834      3.825858142686      4.939298868305
    8      3.712432421364     -4.175568514500      8.051217567516
    8      3.568554091348     11.795117643259      1.823731193576
    8     -2.060608797331      8.583705324374      3.127138413300
    1      3.770427438087     -3.147722812461      4.769894189182
    1      3.413246036795     10.772467788070     -1.450934359002
    1     10.364482824645      3.923253065627      1.671534151946
    1     -3.094847821295      3.662749650743      7.885398289368
    1     -0.153294170045      7.776314140398      4.847805573081
    1     -0.111751765612     -0.065968332020     10.974109118080
    1     -0.147091932253      7.792437922274      1.665198978964
    1     -0.135270080740     -0.122035199823      1.712953942805
    1      9.333871583133      0.880126086843      2.316305850420
    1      5.530529214204     -1.125749106520      2.299526519335
    1      1.739113822036     -1.173805268627      7.283768045925
    1      5.622217657923      8.859850643922      1.047401270019
    1      6.415176332014     -1.999687475830      4.210224763222
    1      8.410158887151      1.799915379826      4.170636831697
    1      8.337397942720      5.790425447155     -0.808751236190
    1     -0.987266058404      1.875365826549      5.391142152872
    1     -2.491457968245      9.180064009721      1.158458053018
    1     12.085116518234     -5.436503655015      2.462347757377
    1      3.657797107094      0.878746532578      8.365620832689
    1     -1.975110962328      7.642946778736      2.894376749554
    6      9.574635709958      1.167059203260     -0.329894846359
    6     -2.252496584663      6.428419135619      5.889294770333
    6      1.953384314861     -1.479377382142      9.931272468838
    6      5.382935519157      9.159204091858      3.692961510135
    6      6.125033938877     -2.218826352711      6.858395900625
    6      1.130263915393      9.909238715249      0.595014183732
    6      8.581850842402      5.511168452966     -3.455142840911
    6     -1.264422124837      2.104964633002      2.744307690125
    6      7.426809847502     -0.114157288113      2.511621834886
    6     -0.103498777917     -0.072885312446      7.082055428830
    6      7.418665344783     -0.104991427075      3.992318182986
    6     -0.108826149948     -0.084977052847      5.603326112885
    6     -0.139526101789      7.745661849773      5.928146561279
    6     -0.108026092094     -0.065539721272      9.893070127326
    6     -0.147755284540      7.761740326910      0.585003577815
    6     -0.127904608380     -0.112042059878      2.793664694643
    6      8.484068503987      0.454650085692      1.797433007436
    6      6.378190243049     -0.686593157612      1.788423168784
    6      0.916678160971     -0.697239313494      7.801995667017
    6      6.448451105435      8.395887683311      1.570866333737
    6      6.842625412304     -1.146908443093      4.722163538351
    6      7.987664612084      0.955757179262      4.700491388893
    6      7.959465437441      6.660137090346     -1.331161311531
    6     -0.613442196060      0.997273371005      4.880076913730
    6      8.475550661896      0.487145413690      0.403976202489
    6     -1.176807182032      7.137705329024      6.626740865780
    6      0.903626906530     -0.720327276402      9.195513441831
    6      6.455852427546      8.425216193168      2.964088916858
    6      6.814655118217     -1.124082566184      6.117296142684
    6      0.446949639749      8.799081343484     -0.128611108664
    6      7.971732055494      6.653262486436     -2.724313421375
    6     -0.644597558285      0.977155402280      3.487175004633
    6     -2.924951909989      9.201047551463      2.167067590343
    0    0
