   3   1   1 E -5.8903480691210E+03 DE-2.0E-08(  4)
 -0.772553850783E+01  0.768999001661E+01  0.623354000209E+01
  0.772374641027E+01 -0.769151373501E+01  0.623309921442E+01
  0.772380805831E+01  0.768972412798E+01 -0.623536463458E+01
    1
  0.100000000000E+01  0.000000000000E+00  0.000000000000E+00
  0.000000000000E+00  0.100000000000E+01  0.000000000000E+00
  0.000000000000E+00  0.000000000000E+00  0.100000000000E+01
  0.000000000000E+00  0.000000000000E+00  0.000000000000E+00
   74
   21      4.810217112679     -4.895274270817      6.278616396841
   21     -4.908746705413      4.872204842504      6.275842867136
   21     -2.883162137744      4.833440542302      3.152028866286
   21      2.777489870395     10.519895354337      3.156313847920
    8     10.947807914175      1.406359782516      0.155198002686
    8     -3.310400101379      6.244238764672      6.390329587787
    8      3.139223190284     -1.607748116435      9.178042513976
    8      4.491395091602      9.283542560755      2.932708264914
    8      6.048479417417     -3.185080689419      6.052978909713
    8      1.574585521633     10.850530720799     -0.187445237703
    8      9.128762674535      4.426930130024     -2.951977592221
    8     -1.497951793029      3.245087243580      3.272502173218
    8      1.933688683422      9.191005304212      4.549154239831
    8     -2.026393249269      6.152553756486      4.547633016311
    8     -5.850757263045      6.064269905102      4.805682446973
    8      5.746500501550      9.291814134647      4.801679792929
    8     -1.689067141476      5.773514847717      1.680158527249
    8      1.579373508174      9.592647551133      1.679616695461
    8      1.495776993068     13.402845396185      1.440528229387
    8     -1.585946070587      1.952074093468      1.436081119661
    8     11.423061615058      3.757772224668     -1.439432575371
    8     -3.797685230880      3.901927259060      4.796541259214
    8      3.874083099737     -3.976590974744      7.914326174415
    8     -3.978416759565      3.945649236768      7.913803958562
    8      8.369917255127      3.888188757551      1.056195148366
    1      3.943700698270     -3.004365906796      4.657172343028
    1      3.655914169771     10.673581194420     -1.593158557213
    1     10.664251382648      3.934922337838      1.537728879438
    1     -3.060179174316      3.675660517040      7.759945929234
    1     -0.043149140143      7.665474912131      4.716168272308
    1     -0.051201386914     -0.009652497423     10.870582228485
    1     -0.054323253815      7.683159655855      1.512019179869
    1     -0.045544224910     -0.012058573848      1.607908675641
    1      9.630152871365      0.890473857727      2.172725019117
    1      5.741820059334     -0.943612518037      2.174453436621
    1      1.845388281328     -1.026979529673      7.179374863619
    1      5.799075957022      8.714896532220      0.936149229847
    1      6.633968550792     -1.893538795462      4.052362227694
    1      8.730234374636      1.852433272646      4.046627546194
    1      8.644272110924      5.764901830794     -0.931758194595
    1     -0.990681264054      1.925778245271      5.294872767217
    6      9.868760654917      1.175773338197     -0.472848796542
    6     -2.229975923531      6.470073041360      5.761503706308
    6      2.079196087960     -1.324193384237      9.822079141382
    6      5.548791479687      8.998049215050      3.582092823239
    6      6.337058753168     -2.126177609598      6.697444818272
    6      1.284230870470      9.794392710369      0.460597644372
    6      8.900930477171      5.507858158088     -3.579584812330
    6     -1.265158073343      2.163573321327      2.648525892489
    6      7.686144326049     -0.026752171354      2.374236244072
    6     -0.037780008337      0.002062636449      6.978353386488
    6      7.683156149822     -0.021617224582      3.853380055911
    6     -0.036073456960      0.000239097431      5.499117304848
    6     -0.041350419373      7.663661294670      5.796993071117
    6     -0.046793715893     -0.005465120707      9.789520558073
    6     -0.050390348827      7.679501391852      0.430949601287
    6     -0.043099086072     -0.008870338064      2.688777470982
    6      8.765175918419      0.493234494096      1.657076200944
    6      6.607752344471     -0.550012618140      1.657444488418
    6      1.004719794328     -0.584682805242      7.697292205673
    6      6.640236647547      8.277124151938      1.458310128559
    6      7.080206139291     -1.055132267057      4.571746678931
    6      8.280327589798      1.017450222175      4.568744970570
    6      8.229543227158      6.619531325937     -1.450759311648
    6     -0.580615523023      1.066093019946      4.780198689907
    6      8.755179481483      0.519205616313      0.263015392002
    6     -1.110055291354      7.115361506315      6.498258848017
    6      0.990989124070     -0.615779736506      9.090576206042
    6      6.643903008565      8.299057993638      2.851830223821
    6      7.051569444397     -1.042732388021      5.964856930242
    6      0.576039402281      8.705790042023     -0.270735605884
    6      8.246920019437      6.622508243722     -2.844139719313
    6     -0.605659188537      1.054075856921      3.387205047504
    6      7.323490895916      3.449901138323      0.940603919081
    0    0
