   3   1   1 E -5.9656158647462E+03 DE-6.2E-08(  6)
 -0.775370434742E+01  0.764644319848E+01  0.623294889885E+01
  0.775153424545E+01 -0.765016387785E+01  0.623492199950E+01
  0.775712046896E+01  0.765343085950E+01 -0.623756517304E+01
    1
  0.100000000000E+01  0.000000000000E+00  0.000000000000E+00
  0.000000000000E+00  0.100000000000E+01  0.000000000000E+00
  0.000000000000E+00  0.000000000000E+00  0.100000000000E+01
  0.000000000000E+00  0.000000000000E+00  0.000000000000E+00
   75
   21      4.906520148914     -4.867224065081      6.249394861653
   21     -4.822495933085      4.866461866873      6.246801794837
   21     -2.803760394109      4.838676441187      3.120072708390
   21      2.885465468306     10.475138143283      3.121185707122
    8     11.075017998522      1.404133319831      0.118107278432
    8     -3.230487676636      6.242021403316      6.362023526577
    8      3.223039546445     -1.599261810255      9.130224758183
    8      4.605033307489      9.246258790124      2.900912465006
    8      6.141764900258     -3.152914530256      6.018109639528
    8      1.704374079793     10.805870030949     -0.228215607577
    8      9.267058866538      4.424069493178     -2.991952371388
    8     -1.359025067235      3.292798464033      3.217674854423
    8      2.038528706279      9.150179244290      4.508832888982
    8     -1.963275729177      6.160099705329      4.509551771548
    8     -5.772870315760      6.051073193089      4.770499567572
    8      5.855965520671      9.246449762975      4.772357003819
    8     -1.663833067772      5.791736473883      1.622917194804
    8      1.695422997011      9.551158008789      1.640324422596
    8      1.605708204930     13.357878797400      1.401193452625
    8     -1.502412118239      1.966857548418      1.408642652388
    8     11.546290638986      3.756228131761     -1.458996799542
    8     -3.695356920914      3.895675226684      4.771465690953
    8      3.980956632224     -3.971286620130      7.908923531060
    8      3.860618112197     11.600539906425      1.653321670424
    8      1.103574432880      5.653811790267      3.194285827471
    8      1.823328883457      3.428670637455      3.259584242252
    1      4.039992979800     -2.972181077713      4.633660774852
    1      3.763523761914     10.641356832871     -1.631632362356
    1     10.811018196913      3.928650326159      1.530350149888
    1     -2.976636399520      3.680703678343      7.740940498237
    1      0.047856922720      7.636456550961      4.676715937371
    1      0.034565236241     -0.005615027473     10.836719578676
    1      0.039286075491      7.652713561095      1.475235054160
    1      0.064781270652      0.025111093298      1.573640694098
    1      9.747236065787      0.912082542126      2.133981592776
    1      5.853978561776     -0.909555167711      2.138556726421
    1      1.931104851373     -1.007725614062      7.140520949639
    1      5.914106268222      8.689200715642      0.903064742558
    1      6.728259712715     -1.858652908235      4.012341822167
    1      8.868512099194      1.860992687166      4.012838590003
    1      8.758355353295      5.747114288673     -0.972094757750
    1     -0.900951430276      1.948982403870      5.263378910721
    6      9.993000670074      1.182119653689     -0.510918625062
    6     -2.153042732730      6.468922949182      5.728258973784
    6      2.170093030278     -1.308050207412      9.784068615613
    6      5.661502262319      8.959158901080      3.550221465789
    6      6.419176509633     -2.085051707993      6.653435151549
    6      1.401885481257      9.753341157701      0.421542241767
    6      9.037160372776      5.504560964066     -3.618877762058
    6     -1.157729131288      2.191638117821      2.610599730999
    6      7.801846420776     -0.001022714561      2.336618928425
    6      0.045014018827      0.015712255451      6.943830016633
    6      7.801027438677      0.000093657850      3.815475212954
    6      0.049397196874      0.020697189416      5.464432118759
    6      0.046025688460      7.642938046827      5.757361484642
    6      0.037387485202      0.000153351453      9.755647522489
    6      0.040836436624      7.654728852805      0.393918736870
    6      0.059216540810      0.022737460167      2.654361755570
    6      8.880342074344      0.518714019603      1.618244869449
    6      6.721469548980     -0.520224324791      1.620989220205
    6      1.087353935115     -0.573512621178      7.661219472729
    6      6.755468455338      8.250086275698      1.423863958716
    6      7.186683531744     -1.027368350983      4.532588278045
    6      8.410541317204      1.029772993725      4.533432184111
    6      8.350892203251      6.606372865510     -1.489486922318
    6     -0.489796146490      1.090642321346      4.747205045007
    6      8.871575244950      0.540449328668      0.224947607995
    6     -1.025651224113      7.102507715816      6.460857991720
    6      1.076117676045     -0.606171022187      9.054577652628
    6      6.759082133539      8.266649092270      2.817669573249
    6      7.155764175208     -1.014847704629      5.925519446441
    6      0.680396205308      8.673231029121     -0.307991707918
    6      8.378052700459      6.615218369261     -2.882538367055
    6     -0.507632970032      1.082382572947      3.354098397553
    6      1.453477656313      4.538795534380      3.228447323078
    0    0
