   3   1   1 E -6.0092191790713E+03 DE-4.0E-09(  6)
 -0.760876968752E+01  0.779240234205E+01  0.622690244623E+01
  0.760907038060E+01 -0.779708112018E+01  0.623281528035E+01
  0.762262537784E+01  0.781109989950E+01 -0.623245352184E+01
    1
  0.100000000000E+01  0.000000000000E+00  0.000000000000E+00
  0.000000000000E+00  0.100000000000E+01  0.000000000000E+00
  0.000000000000E+00  0.000000000000E+00  0.100000000000E+01
  0.000000000000E+00  0.000000000000E+00  0.000000000000E+00
   84
   21      4.547810516553     -4.984598777612      6.579627522554
   21     -5.091262744001      4.851217589098      6.566365930929
   21     -3.036256408754      4.813897613406      3.465515201820
   21      2.501536966146     10.638373641071      3.468660403535
    8     10.565669699532      1.469250651027      0.490781627292
    8     -3.461685476696      6.186190125281      6.708419646641
    8      2.943872331060     -1.637319020776      9.517858790153
    8      4.202308162364      9.386147817858      3.232558390680
    8      5.761190485279     -3.259083054591      6.378634781867
    8      1.264957113284     10.959987772975      0.123121120218
    8      8.770679597250      4.487664545758     -2.613469633552
    8     -1.628487028161      3.244315845850      3.567813985404
    8      1.669452824859      9.315565895010      4.876110196853
    8     -2.148184162756      6.069279486048      4.888554719589
    8     -5.983678253003      6.097572556922      5.107010954428
    8      5.457951692574      9.402121085761      5.101615452985
    8     -1.867091648880      5.794695205167      2.008457934907
    8      1.265703765391      9.731499952649      2.009506373775
    8      1.243138883366     13.529694607047      1.747364196577
    8     -1.701922286923      1.963181852308      1.719633305108
    8     11.072603321838      3.778540498516     -1.156087282639
    8     -4.018258615793      3.872290610449      5.061531073158
    8      3.613389841151     -4.104878333139      8.235671350534
    8     -4.165831292302      3.902921408311      8.187840041428
    1      3.666715919187     -3.096378846770      4.953194663359
    1      3.362701612895     10.753618503221     -1.296709982679
    1     10.281972312811      3.541742988002      2.057767728985
    1     -3.238066425280      3.657841289718      8.052327879650
    1     -0.234212182072      7.674829401647      5.041480131265
    1     -0.257301925239     -0.029391814323     11.175669981344
    1     -0.304272705858      7.764717829724      1.841113627836
    1     -0.245199000723     -0.058945204032      1.914578810122
    1      9.273147211711      0.905376450695      2.499650443317
    1      5.481448696059     -1.112134319232      2.510432538769
    1      1.710151712800     -0.973890011581      7.503685693919
    1      5.540589617635      8.846656641922      1.229608186454
    1      6.373560603070     -1.987210016404      4.390202950741
    1      8.370608628957      1.807478219631      4.363844377922
    1      8.362988738635      5.887425340753     -0.601203230202
    1     -1.106578063792      1.952235295259      5.582761535797
    1      6.019310903034      3.094199030064      4.060340860197
    1      4.604026520659      2.181895141293      2.239330378823
    1      5.286866395998      2.468614247943     -0.118666229859
    1      7.385898684258      3.673301946674     -0.665766435800
    1      8.785960591161      4.584264954985      1.145540771919
    1      8.103198798702      4.283041953854      3.526126818482
    6      9.496371724161      1.198126671130     -0.140429421409
    6     -2.371294011057      6.406990353105      6.092980758505
    6      1.875853250697     -1.348270323614     10.141124892290
    6      5.262596513830      9.109712126413      3.880373083329
    6      6.044954214504     -2.199195589995      7.024923829780
    6      0.990051537470      9.904351651803      0.781297702375
    6      8.557427365271      5.565537945383     -3.254321398160
    6     -1.397119824432      2.164807933682      2.937883120038
    6      7.383997779573     -0.110742873261      2.704604703312
    6     -0.182151351375      0.032860099572      7.285181097806
    6      7.376617627195     -0.092287210148      4.181974624981
    6     -0.180248408505      0.016686083922      5.805397235943
    6     -0.229259168673      7.673460389528      6.122269638547
    6     -0.231242189444     -0.004877459138     10.095297803416
    6     -0.282338072445      7.748228366576      0.760336619501
    6     -0.224384982091     -0.038037151131      2.995109340321
    6      8.431768746076      0.462276772528      1.984135905223
    6      6.330745964318     -0.685543579772      1.992151484819
    6      0.858189694757     -0.544609689978      8.013311925928
    6      6.380510580433      8.415040468693      1.759196283952
    6      6.793425104827     -1.132608739028      4.904808252223
    6      7.940063806638      0.969051170667      4.893384297719
    6      7.958717442278      6.737762242634     -1.131552746683
    6     -0.715304870027      1.079325588071      5.075963302997
    6      8.419923212559      0.483595577594      0.592234769644
    6     -1.270503613096      7.079586630374      6.827018202383
    6      0.820725537127     -0.598177188437      9.405759685143
    6      6.366956535232      8.425876247882      3.152674818274
    6      6.745298086390     -1.105489137881      6.296638635400
    6      0.326326076332      8.783524135298      0.054763500720
    6      7.952278992023      6.713353174937     -2.525505644982
    6     -0.754797014030      1.048164866163      3.683160508549
    6      6.314473433682      3.218785287588      3.025618740105
    6      5.520717177232      2.709454637163      2.002861368670
    6      5.903296101774      2.872701614206      0.675431602411
    6      7.080977147448      3.544766531153      0.365590546252
    6      7.876668332850      4.047971504395      1.390474961989
    6      7.496237080902      3.886647920572      2.721101090263
    0    0
