   3   1   1 E -6.0089601726753E+03 DE-3.8E-09( 31)
 -0.790663222574E+01  0.827371165143E+01  0.659624972048E+01
  0.763324611902E+01 -0.808327798651E+01  0.602322931325E+01
  0.767586597783E+01  0.784532077499E+01 -0.636582087897E+01
    1
  0.100000000000E+01  0.000000000000E+00  0.000000000000E+00
  0.000000000000E+00  0.100000000000E+01  0.000000000000E+00
  0.000000000000E+00  0.000000000000E+00  0.100000000000E+01
  0.000000000000E+00  0.000000000000E+00  0.000000000000E+00
   84
   21      4.825955519000     -5.071749173547      6.540008019893
   21     -5.010260993059      5.008427137112      6.612663863319
   21     -3.065800346629      5.362425463042      3.423095932818
   21      2.658153944996     10.947751288582      3.477734833915
    8     10.662526076865      1.571984242805      0.257694345528
    8     -3.390411595385      6.367118220607      6.906799449606
    8      2.794071655906     -1.543578446534      9.384660847169
    8      4.161708753552      9.529140740387      3.597927713715
    8      6.102101643101     -3.384139325202      6.330691162376
    8      1.445778828991     11.158882808027      0.171643320291
    8      9.116216582875      4.198050732817     -3.167141251774
    8     -1.510880519296      4.158321291873      3.660029656653
    8      9.443463539386      1.560317398763     -1.650927249511
    8     -2.359216458840      6.769431670080      4.938976619548
    8     -5.942304650496      6.381146457503      5.313184715823
    8     13.444474785011      1.447804456058     -1.233624059991
    8     -1.922488620461      6.264863214273      1.887345202659
    8      1.541557201756      9.870049394126      2.016284117681
    8      1.562879028537     -2.332914368436      1.373696279793
    8     -1.768671784339      1.970565020844      1.884671144535
    8      3.869562276494     -4.195675657078      4.786323085220
    8     -4.024629203289      4.235051660709      4.949837075771
    8      3.736498889427     -3.882817853499      7.896056568073
    8      3.619292914154     11.894835955667      1.863118893115
    1      3.669719119598     -3.253053653311      4.921094636245
    1      4.030278457959     11.189999474054     -1.333369334446
    1     10.494411999824      3.693897647125      1.678079199760
    1     -3.188731600374      4.432785028951      8.429998170798
    1     -0.598744600701      8.539702462746      5.160358317003
    1     -0.223675545009      0.046420777047     11.451256838445
    1     -0.046519510724      7.920135198528      1.830306411738
    1     -0.066928177974     -0.235261208625      1.694926438706
    1      9.319089720919      1.174181781090      2.310346542112
    1      5.734194688943     -1.189926802997      2.257549961661
    1      1.393869569143     -0.816779032440      7.588916246721
    1      5.381445978764      9.183443563653      1.565114382607
    1      6.594835579560     -2.043227210166      4.149543214128
    1      8.549688562570      1.797595101024      4.202930032980
    1      7.950301680733      6.047566487604     -2.075496897138
    1     -0.612519409842      2.806505148305      4.895731006417
    1      5.225921731349      1.009599557169      5.412080298267
    1      4.518292992398      1.453810614047      3.077758395320
    1      2.506916706411      0.337678476456      2.159419333496
    1      7.853493047926      2.055112024931      0.345157892800
    1      1.986883373116     -1.766751238466      5.840698711098
    1      3.961017398013     -0.614624546155      6.792462703524
    6      9.616822310758      1.395008174405     -0.414528705574
    6     -2.477316872980      6.884104296673      6.189420203309
    6      1.804126001674     -1.289319004637     10.141172260641
    6      5.273641993871      9.330748770029      4.189844231066
    6      6.231150287490     -2.223154966533      6.822256020389
    6      1.222244802021     10.080353528315      0.809815783447
    6      8.943795081267      5.299851564855     -3.781416918677
    6     -1.248758756732      1.867203200444      3.086675084583
    6      7.543271632685     -0.020275355497      2.489100955634
    6     -0.464699336641      0.261335425659      7.575112409875
    6      7.595028078522     -0.127723767244      3.968168723275
    6     -0.540096370217      0.348135349319      6.166038595349
    6      7.343244107911      0.199731115351     -0.356797464378
    6     -0.289322756589      0.108394605536     10.373108211261
    6     -0.029485243385      7.921084437739      0.749662489442
    6     -0.043842074501     -0.320195645823      2.774095761099
    6      8.470103927692      0.731214806867      1.806903658294
    6      6.512930954936     -0.640862731235      1.745026856063
    6      0.608056018916     -0.386465708715      8.188212477316
    6      6.225916681590      8.679349106257      2.015163007278
    6      7.044434765306     -1.206265572577      4.669659210827
    6      8.153434341977      0.921846938381      4.699309323363
    6     -1.121465805699      2.953054054229      3.945304766546
    6     -0.580840132871      0.464575594103      4.967136409465
    6      8.320395474371      1.035842230335      0.370249792465
    6      6.463267826447     -0.582896708560      0.333255996459
    6      0.683697485812     -0.490707190238      9.571143193005
    6      6.324594903584      8.625984872754      3.402699152088
    6      7.009019249190     -1.199503087472      6.063490729422
    6      0.560366939058      8.974967987748      0.065462063617
    6      8.476180327761      6.462497653886     -2.936978775616
    6     -0.632417573937      0.616533844979      3.554810629943
    6      4.364063412466      0.501181194617      4.998576187445
    6      3.963498310190      0.751323278044      3.689370767084
    6      2.835989838788      0.125722058737      3.169424670335
    6      2.103274042774     -0.761709451649      3.955932949120
    6      2.541411433411     -1.051181007900      5.245008850039
    6      3.656331934337     -0.410229673972      5.775192770825
    0    0
