   3   1   1 E -5.8927612159544E+03 DE-1.2E-08(  3)
 -0.776308920981E+01  0.762043838464E+01  0.621838727773E+01
  0.777395428407E+01 -0.762937074332E+01  0.624291607004E+01
  0.777588954128E+01  0.764213381026E+01 -0.622953769777E+01
    1
  0.100000000000E+01  0.000000000000E+00  0.000000000000E+00
  0.000000000000E+00  0.100000000000E+01  0.000000000000E+00
  0.000000000000E+00  0.000000000000E+00  0.100000000000E+01
  0.000000000000E+00  0.000000000000E+00  0.000000000000E+00
   78
   21      4.801552377558     -4.906721655471      6.232590449289
   21     -5.021623274050      4.757157133559      6.208945959591
   21     -3.007573323973      4.805508146661      3.084190255677
   21      2.810192819956     10.346349286002      3.082995787170
    8     10.825968090585      1.569198000128      0.236414964868
    8     -3.306551340004      5.988549587201      6.417139206426
    8      3.172972972814     -1.452732221887      9.220859661648
    8      4.374899369629      8.949129481024      2.978307633129
    8      6.244810378079     -3.325819782546      6.079402332845
    8      1.370674785933     10.812220832794     -0.126043899331
    8      9.355933506448      4.445985329203     -2.887680338141
    8     -1.774004924646      3.091641356294      3.332829870693
    8      1.839921169311      9.186230735627      4.565181616409
    8     -2.056712695568      6.002551902420      4.545130677469
    8     -5.871487234251      6.084781080532      4.828357153438
    8      5.604052616620      8.983055777940      4.855990325207
    8     -1.665854933299      5.597269687732      1.670098662201
    8      1.474624551245      9.504199568166      1.698396645268
    8      1.574375383090     13.325885435225      1.465719937985
    8     -1.787765414602      1.816876715629      1.478849278281
    8     11.722406572971      3.680930315457     -1.665477156190
    8     -4.123996998976      3.829841047721      4.551569168808
    8      3.849387047856     -3.727742773658      7.667701413583
    8      3.737549092303     11.264847504256      1.437544237809
    8      8.119217714045     -4.315387685856      4.029965292435
    1      3.670896459898     -3.044822895960      4.721860590381
    1      3.933305092862     10.557325514038     -1.521723677058
    1     10.694154418168      3.681219319676      1.575223784728
    1     -3.112784435102      3.876417491237      7.807708966789
    1     -0.115093079689      7.600620031380      4.723205801423
    1     -0.112962631633     -0.067303437288     10.906031997757
    1     -0.067791912379      7.538466215097      1.523764625926
    1     -0.100856734650     -0.053231406933      1.642510198694
    1      9.505054946516      1.011563031467      2.212620717096
    1      5.722794024519     -1.017201715964      2.187089435810
    1      1.847463043072     -0.941177681989      7.212464595203
    1      5.693160685729      8.438879721283      0.986574755178
    1      6.613455161107     -1.906745227168      4.054702917776
    1      8.600685892403      1.897637033398      4.094482642387
    1      8.743507838838      5.727512641224     -0.891206476444
    1     -1.195268542994      1.791332123915      5.341023675473
    1      0.329585163229      2.931033220715      8.244468220240
    1      7.828736101316     -2.977967606099      2.435909588740
    1     -1.238905859783      3.446139212987      8.894660723293
    1      7.533671772482     -3.926111809023      4.707316681069
    6      9.777539143174      1.283070967203     -0.428360217429
    6     -2.256459168481      6.292884253354      5.766051568854
    6      2.093848301068     -1.227298961559      9.855084378350
    6      5.440110217218      8.700548499083      3.626976591956
    6      6.444929569648     -2.231609007530      6.707420686223
    6      1.139368336032      9.727574386976      0.492365090949
    6      9.043799526291      5.497300210035     -3.534901560544
    6     -1.478598599760      2.032425218354      2.692888298859
    6      7.609881974590      0.003360654128      2.397536967617
    6     -0.117072637133     -0.069424410473      7.014273538036
    6      7.614429413061     -0.009568174723      3.876354059442
    6     -0.114172139307     -0.062315612488      5.535357333118
    6     -0.126955007140      7.608734445910      5.804196674650
    6     -0.117367725138     -0.076821287070      9.825867021819
    6     -0.096726616895      7.561854047147      0.443499278394
    6     -0.105162208025     -0.055785511879      2.723605439328
    6      8.663169900602      0.580211632207      1.686771276128
    6      6.569264230274     -0.580454408904      1.673493378852
    6      0.972565977948     -0.569188958940      7.730430784853
    6      6.566834045305      8.062135513459      1.502730301301
    6      7.064104625604     -1.079213433786      4.584480904709
    6      8.186233860706      1.036105962231      4.602270955462
    6      8.282173426256      6.556720277025     -1.411929551606
    6     -0.730064341168      0.964894644808      4.818801814312
    6      8.668400252174      0.598395237302      0.293491071793
    6     -1.171827084791      7.005213492644      6.498651286821
    6      0.964388281382     -0.597892949734      9.123393887038
    6      6.573598836823      8.080237253481      2.896398697916
    6      7.083646470566     -1.106775017816      5.976961218334
    6      0.460248119438      8.631404768502     -0.248570556316
    6      8.311426302784      6.568632881815     -2.804755487210
    6     -0.750246006719      0.959096794775      3.424857611802
    6     -0.152020346667      3.608394422899      8.951899328105
    0    0
