   3   1   1 E -6.1237290364659E+03 DE-1.7E-08(  3)
 -0.797160745393E+01  0.742432832690E+01  0.622568974854E+01
  0.797491854881E+01 -0.742645885996E+01  0.622859165588E+01
  0.796483298469E+01  0.740985236315E+01 -0.622096006939E+01
    1
  0.100000000000E+01  0.000000000000E+00  0.000000000000E+00
  0.000000000000E+00  0.100000000000E+01  0.000000000000E+00
  0.000000000000E+00  0.000000000000E+00  0.100000000000E+01
  0.000000000000E+00  0.000000000000E+00  0.000000000000E+00
   88
   21      4.479778831070     -4.645262492536      6.708078463717
   21     -5.407790267349      4.913762232385      6.711301124648
   21     -3.436953094490      4.881059482391      3.554142415927
   21      2.531559444807     10.211327100664      3.565651168684
    8     10.875185407730      1.366863958591      0.562520247545
    8     -3.765867112034      6.246192616971      6.842913468901
    8      2.829064646524     -1.292704192527      9.580346045369
    8      4.270405930931      9.017831805686      3.384407763921
    8      5.833234423188     -3.025104825794      6.509506623335
    8      1.292177247149     10.634958849344      0.236364817313
    8      9.112554235227      4.358838893570     -2.521221725368
    8     -2.078095354883      3.271635889845      3.695556251373
    8      1.659250835782      8.846576614729      4.918187676017
    8     -2.550692323409      6.167914803306      4.955197056011
    8     -6.344336231118      6.142238302394      5.256934107019
    8      5.491836255110      9.023244533213      5.270990147534
    8     -2.200995804634      5.754432916369      2.078542838555
    8      1.338204359746      9.327132084581      2.069501600922
    8      1.225009757671     13.125486649984      1.902124827643
    8     -2.242085040633      1.909814595623      1.914129531647
    8     11.352930469344      3.733004566136     -0.992840513617
    8     -4.351713006104      3.952432946058      5.190429282457
    8      3.548075432420     -3.648796425056      8.303406323305
    8      3.485583589906     11.349751122372      2.091412543101
    8      2.039177271572      4.321603545577      6.338129670144
    1      3.331063214080     -2.708400387481      5.225972132683
    1      3.332078175854     10.446952965729     -1.180987227357
    1     10.592287464160      4.027979809642      1.939296405808
    1     -3.537397494638      3.743492079433      8.197713132210
    1     -0.438734780469      7.492916814841      5.119150350939
    1     -0.413459528123      0.177015857139     11.312375348294
    1     -0.420633888952      7.536278504999      1.924215630289
    1     -0.526042933611      0.085159986422      2.053224400648
    1      9.574800863867      0.853733808594      2.561429188165
    1      5.601991566252     -0.775408364790      2.611963472077
    1      1.464067163265     -0.812625741523      7.599721044750
    1      5.553285056736      8.433469442998      1.411070696914
    1      6.519506366038     -1.809528317227      4.478890289193
    1      8.704318940421      1.883819524555      4.439538623566
    1      8.563914040455      5.651734760116     -0.484683972885
    1     -1.599868473689      1.933820864013      5.747171472055
    1      2.801846842073      4.536423773324      5.776467834767
    1      0.772591122983      3.616615723772      4.820157907058
    1      0.548624393200      2.967045085764      6.450045228436
    1      2.678967012602      1.664829653729      7.407498823123
    1      4.069846966259     -0.297564758109      6.878961653560
    1      4.354448401270     -1.013058927244      4.507052031254
    1      3.246139877804      0.249928963804      2.696619921242
    1      1.845772130503      2.221332722137      3.248318717722
    6      9.801231168348      1.137185042769     -0.079610116393
    6     -2.690585238041      6.441699274214      6.189238943164
    6      1.777037188280     -1.029357608102     10.249804700171
    6      5.326936235541      8.748924590012      4.043798346246
    6      6.137739389253     -1.954586016163      7.119172809498
    6      1.010177461281      9.565718480587      0.865252688593
    6      8.843120399496      5.439545199496     -3.129510503739
    6     -1.870484301813      2.168277580395      3.100714445071
    6      7.593319910931      0.032239354742      2.783292176996
    6     -0.477153851065      0.099344311050      7.420751599908
    6      7.609090967445      0.036258276735      4.262187063793
    6     -0.503333812381      0.083736801477      5.943425353046
    6     -0.422483025199      7.481578216449      6.199741509697
    6     -0.430557072113      0.154318572491     10.231592866182
    6     -0.399396548509      7.510864909254      0.843751555362
    6     -0.524518288398      0.081615043792      3.133995389913
    6      8.684211499542      0.506001491066      2.054025997618
    6      6.477336138019     -0.426233151498      2.081011417814
    6      0.609245041791     -0.417395263839      8.130572910606
    6      6.426221734416      8.051139144541      1.923937281291
    6      6.983631275535     -0.976272462469      4.989641470255
    6      8.231490420654      1.066375248970      4.969308620660
    6      8.078121218376      6.470759270936     -0.998169466223
    6     -1.133330988510      1.105179656933      5.230339749083
    6      8.658422851784      0.539600281382      0.661370276815
    6     -1.513776488682      6.992866521701      6.912505445536
    6      0.629127404673     -0.410156854528      9.524899193456
    6      6.452497920307      8.099729023894      3.315860778130
    6      6.930045116467     -0.934807882337      6.381623624768
    6      0.270662357284      8.501993745457      0.133922416882
    6      8.089811870275      6.481707815475     -2.389934245250
    6     -1.160772130664      1.095532887709      3.839004134536
    6      1.300535120716      3.254913591581      5.711142099082
    6      2.162797930547      2.067352641475      5.363049115262
    6      2.802124083136      1.350719679875      6.377588164104
    6      3.583196421636      0.243387587712      6.076348500002
    6      3.735062792739     -0.157193792615      4.748524731963
    6      3.121368373176      0.559542010935      3.727722034376
    6      2.339774228987      1.668707359363      4.040042384955
    0    0
