   3   1   1 E -6.1225377535462E+03 DE-4.3E-08( 17)
 -0.779113900491E+01  0.755290614954E+01  0.621672608324E+01
  0.780718471938E+01 -0.755170042741E+01  0.624050364921E+01
  0.784306355405E+01  0.759436765007E+01 -0.621883535731E+01
    1
  0.100000000000E+01  0.000000000000E+00  0.000000000000E+00
  0.000000000000E+00  0.100000000000E+01  0.000000000000E+00
  0.000000000000E+00  0.000000000000E+00  0.100000000000E+01
  0.000000000000E+00  0.000000000000E+00  0.000000000000E+00
   86
   21      4.213994194721     -4.943351751897      6.426117052132
   21     -5.511247469525      4.676382209062      6.379010146540
   21     -3.537705329625      4.648927381026      3.239728738007
   21      2.293579534963     10.193629468189      3.261136016971
    8     10.464465220003      1.263396161950      0.304054372205
    8     -3.875943714170      5.995080785353      6.496319573382
    8      2.664413377467     -1.537298053739      9.354807949613
    8      4.003131449422      8.957230325541      3.060469208693
    8      5.470855353510     -3.244139516672      6.172996282842
    8      1.032648249034     10.590059663765     -0.036331403933
    8      8.691066448220      4.223173651542     -2.819520036784
    8     -2.105739570031      3.097822656466      3.368232337203
    8      1.425095505820      8.875843732284      4.652198302847
    8     -2.578926684949      5.879605633417      4.664524322761
    8     -6.447507748173      5.925505237014      4.947083646985
    8      5.219780143507      8.988951800149      4.955513192027
    8     -2.346889350340      5.594748683673      1.777143485418
    8      1.094398689683      9.265058202718      1.782000751116
    8      1.014153330519     13.093219169071      1.577603281885
    8     -2.243113581102      1.756255690752      1.566585077976
    8     10.996916849422      3.581386905678     -1.334538646135
    8     -4.495191059380      3.695551166808      4.849458114344
    8      3.291766425533     -4.013700513368      8.032483275771
    8      3.254460057617     11.312970662961      1.783300440072
    8      8.415572033269      3.498020176578      2.466954010309
    1      3.374193706738     -3.077405406514      4.764363174235
    1      2.928411346695     10.449382164970     -1.612326444902
    1     10.157560296991      3.519313739923      1.898615816335
    1     -3.659629933314      3.478896565059      7.863553186491
    1     -0.588024582681      7.388373425979      4.824330120941
    1     -0.590423701086     -0.058749500224     11.004564313354
    1     -0.639787044976      7.436665606477      1.623914506411
    1     -0.649255049130     -0.159766605552      1.743462777917
    1      9.104098608770      0.818035224706      2.304127536296
    1      5.220495929894     -1.018845908946      2.292206506205
    1      1.360531460396     -1.030827598642      7.330519581852
    1      5.352293571194      8.467336101387      1.076554886246
    1      6.079452318821     -1.951444250752      4.165747894765
    1      8.233754268850      1.760197682978      4.166531270789
    1      8.280510349670      5.601470838713     -0.772418136101
    1     -1.579728125999      1.806213628527      5.415848636642
    1      7.184663290026      4.052113235876      0.959755414179
    1      5.065512152412      5.007189113928      1.193881970853
    1      3.214411573392      5.913047250732      2.585987584907
    1      3.379036000176      5.824205357079      5.047802356219
    1      5.365894180451      4.822975393982      6.136819920076
    1      7.211722092435      3.920017530920      4.747329416419
    6      9.391900189742      1.035264644332     -0.337606831084
    6     -2.790726680941      6.215640748116      5.868994484028
    6      1.584007608268     -1.300807768790      9.978024195435
    6      5.064235487846      8.719673552105      3.726032530892
    6      5.773421296644     -2.184425769794      6.809140064963
    6      0.753917145536      9.513202292909      0.583977581188
    6      8.475971779398      5.314271195392     -3.431865082290
    6     -1.892000898452      2.002977106912      2.764892226574
    6      7.163482041558     -0.101377675615      2.497412362827
    6     -0.560102067909     -0.066636882536      7.113557111127
    6      7.158643372290     -0.095462122038      3.975226870929
    6     -0.573221449541     -0.092059486627      5.633337077396
    6     -0.599586837376      7.409007558853      5.905153258632
    6     -0.576999534079     -0.051108095326      9.924233482862
    6     -0.639939911290      7.441790819631      0.542915537603
    6     -0.629106534051     -0.141701360872      2.823948761020
    6      8.248757533397      0.409199145033      1.784832098069
    6      6.091504469056     -0.632338418621      1.778520969707
    6      0.504796749443     -0.605382332239      7.839432036877
    6      6.212894921703      8.075963041877      1.604143792502
    6      6.542157765645     -1.123878708749      4.687920126117
    6      7.777872796260      0.930308711184      4.691998890591
    6      7.827119750863      6.435199191490     -1.294403872510
    6     -1.156978460262      0.949219080986      4.907242819912
    6      8.256122267225      0.410860590147      0.391545076599
    6     -1.678926928737      6.876008747874      6.603507388314
    6      0.488097699382     -0.619794760531      9.233413062304
    6      6.208467312071      8.103000022062      2.997394471203
    6      6.517608074508     -1.119680473797      6.080210428244
    6      0.004537253697      8.459558067647     -0.154738176939
    6      7.816759899807      6.419134123905     -2.688427112489
    6     -1.204524103497      0.916742794805      3.515462874609
    6      7.347106717855      3.951180876833      2.048405358259
    6      6.243399025823      4.400907328062      2.887905890957
    6      5.113839120741      4.954637823322      2.276849690079
    6      4.079665420965      5.459864731437      3.052898147368
    6      4.176181523806      5.411229495429      4.440979903341
    6      5.296477779765      4.848928920413      5.055631970853
    6      6.328905640940      4.341261963244      4.285689760015
    0    0
