   3   1   1 E -5.9656213250634E+03 DE-7.3E-08(  3)
 -0.771196890334E+01  0.773719133444E+01  0.623670903320E+01
  0.770487711960E+01 -0.773772813605E+01  0.622849070816E+01
  0.768065718001E+01  0.770563311918E+01 -0.623738297760E+01
    1
  0.100000000000E+01  0.000000000000E+00  0.000000000000E+00
  0.000000000000E+00  0.100000000000E+01  0.000000000000E+00
  0.000000000000E+00  0.000000000000E+00  0.100000000000E+01
  0.000000000000E+00  0.000000000000E+00  0.000000000000E+00
   75
   21      4.908634455532     -4.779262108781      6.273988772621
   21     -4.821053247125      5.032445498872      6.283004565415
   21     -2.783102346876      4.982077637733      3.165580280866
   21      2.844618966301     10.717431595014      3.172715551884
    8     11.010287733584      1.530537984928      0.151587013407
    8     -3.218710626312      6.394877503841      6.404269555617
    8      3.208972926096     -1.498636486079      9.149484440428
    8      4.554641882560      9.477908909424      2.952613114254
    8      6.224418372372     -3.123706910125      6.099755360628
    8      1.611665774641     11.035771351498     -0.170221650513
    8      9.196893807896      4.585479413602     -2.943716100260
    8     -1.417058678943      3.378203626536      3.283072244471
    8      1.996842482835      9.378109386782      4.558307954375
    8     -1.934025631748      6.297529702509      4.563376197473
    8     -5.737435357678      6.231275237784      4.800416917130
    8      5.826770818591      9.480662302268      4.807306728836
    8     -1.601210757532      5.936828316310      1.688709717581
    8      1.631590105899      9.785862080752      1.702543678872
    8      1.543635604319     13.595274839630      1.440982348788
    8     -1.516119191255      2.076282677040      1.453802198568
    8     11.476150396117      3.908162463780     -1.424364354379
    8     -3.723043240298      4.058763853417      4.791092312142
    8      3.959824375931     -3.846214239528      7.897400544017
    8      3.795599039323     11.801662825500      1.663902923430
    8      4.388386004758      1.069257513531      7.351636876291
    8      3.895873309551     -0.647364062708      5.841597450114
    1      3.835973645566     -2.828405312002      4.810659162499
    1      3.688845932417     10.844380659332     -1.590667708665
    1     10.726540721005      4.136643808810      1.494600300817
    1     -2.950823879313      3.872901302410      7.774528043416
    1      0.031573206132      7.839923385423      4.731998613236
    1      0.058009834845      0.149496035139     10.874221975135
    1      0.043373227958      7.840155825159      1.533378809853
    1      0.047286359048      0.131724268743      1.613532158579
    1      9.686980843416      1.036867534300      2.182124187610
    1      5.829524470224     -0.862248225345      2.191370331666
    1      1.837912527633     -1.011064780089      7.166294691033
    1      5.829623576218      8.878783153219      0.952413519724
    1      6.745601972658     -1.807784705060      4.071504655765
    1      8.767238297529      1.981255176808      4.061346290361
    1      8.638440493459      5.880150102257     -0.940528972933
    1     -0.935849354405      2.033959485950      5.309038364139
    6      9.923539499087      1.312130548500     -0.468373720399
    6     -2.137347248596      6.619131441060      5.777464634023
    6      2.155039574303     -1.214606133944      9.808503691673
    6      5.613391599702      9.180243621966      3.592662477094
    6      6.458931717687     -2.040952200747      6.717700412000
    6      1.338097348432      9.977209370659      0.482065113214
    6      8.945832195675      5.657017885272     -3.579147394011
    6     -1.190158557774      2.291999965606      2.662299198707
    6      7.758661509155      0.086764905379      2.387134461311
    6      0.004467828289      0.096131185160      6.981732864419
    6      7.761435280868      0.085090706448      3.867834862283
    6      0.006918339922      0.100740795302      5.503610840723
    6      0.036633296784      7.834266184694      5.812855430593
    6      0.042310539487      0.130245754356      9.793421011039
    6      0.050255394254      7.833855840702      0.452341431842
    6      0.037227864606      0.123444997918      2.694320576866
    6      8.825597941170      0.630031867513      1.667551299125
    6      6.686793849417     -0.452239203336      1.672181701528
    6      1.033707141140     -0.518987908044      7.694896063350
    6      6.665418294425      8.421941116982      1.466545286743
    6      7.184394110062     -0.963130919949      4.587108704748
    6      8.337609022562      1.136407606591      4.584521808853
    6      8.235142422402      6.743284054541     -1.453376027682
    6     -0.524331150885      1.177218270809      4.790586339515
    6      8.812816245369      0.657103923061      0.273974582379
    6     -1.021787850826      7.268455895320      6.515012200077
    6      1.053975348554     -0.514950592456      9.087412448914
    6      6.689155015469      8.456276756070      2.858963434058
    6      7.158929883487     -0.949977350260      5.981461723711
    6      0.653784952308      8.873157606489     -0.250259809130
    6      8.275839938381      6.763349709224     -2.845511914697
    6     -0.533745525985      1.179178314267      3.397990230314
    6      4.147478908048      0.205220103343      6.607986262852
    0    0
