   3   1   1 E -6.1237396768598E+03 DE-5.2E-08(  3)
 -0.799529715550E+01  0.740113425014E+01  0.624199695620E+01
  0.796317779044E+01 -0.740386515472E+01  0.620630219086E+01
  0.800563783548E+01  0.739790998499E+01 -0.624431848428E+01
    1
  0.100000000000E+01  0.000000000000E+00  0.000000000000E+00
  0.000000000000E+00  0.100000000000E+01  0.000000000000E+00
  0.000000000000E+00  0.000000000000E+00  0.100000000000E+01
  0.000000000000E+00  0.000000000000E+00  0.000000000000E+00
   88
   21      4.826439521797     -4.442731982777      5.863758537464
   21     -5.145642580800      5.044624118165      5.918332948147
   21     -3.192481834827      5.049195638253      2.757316591577
   21      2.905310250191     10.354897550504      2.759428816530
    8     11.120229344042      1.729540929679     -0.164790997868
    8     -3.406139549416      6.257232071797      6.099876264971
    8      3.136830722620     -1.022924162939      8.816648942656
    8      4.490409590397      8.965352396556      2.656590919788
    8      6.285560318627     -2.907567651661      5.811547319080
    8      1.467513979619     10.866426725580     -0.456370066687
    8      9.569985602233      4.583993044231     -3.310270131534
    8     -1.900237394290      3.390905784872      2.971533285298
    8      1.897320388197      9.142618689403      4.191531603375
    8     -2.216615395049      6.265386591604      4.189213719765
    8     -6.016478308289      6.346065301272      4.513239442597
    8      5.750006310609      9.034064909920      4.514783014171
    8     -1.964853934584      5.955347827803      1.295085696690
    8      1.613414171551      9.497170768764      1.323522076732
    8      1.692008515038     13.371678336031      1.162311875812
    8     -1.984175749570      2.042810721974      1.170296104723
    8     11.971800858547      3.917623534178     -2.006273015803
    8     -4.247062670619      4.092336888062      4.270458286894
    8      3.854108770985     -3.275125606861      7.319107477481
    8      3.836368469751     11.301804321643      1.125141207981
    8      3.557463366192     -0.933456423535      5.269359726099
    1      3.771618873997     -2.536822329439      4.452138178285
    1      4.039167102937     10.578874132376     -1.800154621569
    1     10.914109665330      3.932687319015      1.168900341652
    1     -3.255849799295      4.181199521250      7.538886728197
    1     -0.142000809653      7.680582249842      4.369450590663
    1     -0.159597019500      0.292446453220     10.558731068703
    1     -0.146071065521      7.715115783634      1.182492661610
    1     -0.136840180681      0.324469726288      1.306895347187
    1      9.831748221871      1.146240740472      1.813744083267
    1      5.942310142012     -0.670566848149      1.832111557880
    1      1.724131284611     -0.616396011443      6.825980756079
    1      5.783274644045      8.453053756229      0.653490635406
    1      6.819381258766     -1.627593023453      3.716020130832
    1      8.950869742145      2.110825987847      3.687491193452
    1      8.941623773942      5.827218071803     -1.264034139360
    1     -1.408961053347      2.023106684875      5.016910123913
    1      3.836817388167     -1.051278695129      6.195892619064
    1      4.987117901229      0.518962068683      4.828924531185
    1      3.570114320771      0.426040165692      3.761667524377
    1      1.905998430622      2.076411294132      4.012978960480
    1      0.797332554006      3.845607716848      5.332514980840
    1      1.467395915880      4.237362018827      7.687600876025
    1      3.276903112319      2.874290638221      8.697469641808
    1      4.414370341660      1.140016712727      7.358740099472
    6     10.065859647637      1.458141583748     -0.826301206336
    6     -2.354625027752      6.509703403257      5.429256089667
    6      2.071175425114     -0.801558881751      9.480632701068
    6      5.570648833278      8.743477065004      3.289185952812
    6      6.461002289288     -1.780271538049      6.358122697348
    6      1.243946452947      9.767347182062      0.139954606779
    6      9.302559152200      5.673759987848     -3.902161886459
    6     -1.634525702767      2.303726242163      2.360067853673
    6      7.892013987294      0.227950495017      2.019584481729
    6     -0.250235501590      0.209457343391      6.670931961253
    6      7.890214314090      0.237466530894      3.499337507381
    6     -0.259506982214      0.210235044259      5.194138479263
    6     -0.129398880073      7.660151243960      5.450280485531
    6     -0.184157141935      0.266198387500      9.478442153937
    6     -0.124354741921      7.692830592418      0.102020815571
    6     -0.171969343190      0.291234094334      2.386837441257
    6      8.963414074953      0.757218050948      1.297705742572
    6      6.807756850268     -0.286873979516      1.306911410297
    6      0.863432785936     -0.257320406129      7.369940462353
    6      6.674024877290      8.098470474935      1.156060560279
    6      7.277824582894     -0.787876706796      4.222979486757
    6      8.484782632079      1.284483528961      4.209689430989
    6      8.428666246596      6.630241315074     -1.773350009707
    6     -0.904682256246      1.225072243191      4.487156838186
    6      8.945203616150      0.797111604380     -0.095289064554
    6     -1.197211246313      7.108535957657      6.154465423274
    6      0.895232325243     -0.244572872727      8.762978641677
    6      6.709153561795      8.142773941442      2.548249125872
    6      7.222806064224     -0.745075743343      5.614918281126
    6      0.524275951855      8.698630293777     -0.604168224891
    6      8.499773165931      6.685133736143     -3.163729492688
    6     -0.885083938450      1.253627026002      3.095454929662
    6      3.899532040188      0.401214514428      4.801797006915
    6      3.228737745260      1.488437101718      5.596331782550
    6      2.214532075691      2.260314832046      5.036119436501
    6      1.583513350013      3.250025848325      5.783176524616
    6      1.958855592133      3.467052586752      7.103694848527
    6      2.976798009061      2.703511693688      7.670329909326
    6      3.615774940412      1.727434996342      6.916974351707
    0    0
