   3   1   1 E -6.0092191657016E+03 DE 6.6E-08( 16)
 -0.760859474625E+01  0.782386316720E+01  0.623456622160E+01
  0.760868899975E+01 -0.781671683496E+01  0.622615365365E+01
  0.760435648169E+01  0.779697275022E+01 -0.622526111907E+01
    1
  0.100000000000E+01  0.000000000000E+00  0.000000000000E+00
  0.000000000000E+00  0.100000000000E+01  0.000000000000E+00
  0.000000000000E+00  0.000000000000E+00  0.100000000000E+01
  0.000000000000E+00  0.000000000000E+00  0.000000000000E+00
   84
   21      5.082951463678     -5.049264448546      5.846596335928
   21     -4.613759012178      4.751068521905      5.858042266571
   21     -2.555875136590      4.787220276422      2.758793725724
   21      3.015247168616     10.546343256528      2.751525858883
    8     10.981542535238      1.502356455250     -0.139526348002
    8     -2.974162631690      6.081213261770      6.048906984804
    8      3.429403294814     -1.687494187845      8.842511593493
    8      4.613624811505      9.180926600577      2.616684044393
    8      6.424971847490     -3.409308991526      5.712400209763
    8      1.574308017611     10.984740353452     -0.467394711568
    8      9.420251695178      4.454987152489     -3.277404890646
    8     -1.298832972538      3.078525647266      2.970562602537
    8      2.113169795132      9.340534596960      4.228754183589
    8     -1.659859406113      6.026291276985      4.223660664639
    8     -5.491541866149      6.014500737613      4.437109209454
    8      5.908834644946      9.244138692126      4.452410530149
    8     -1.260673299314      5.656241275046      1.352821877698
    8      1.651002964316      9.704365690584      1.381056352020
    8      1.828613883512     13.533916828275      1.093294562391
    8     -1.297061411803      1.853099925614      1.081985480650
    8     11.736304871962      3.677667453954     -1.990487866877
    8     -3.640453002270      3.809166939752      4.255509682225
    8      4.127888928061     -3.966747699984      7.355760929265
    8      3.945669966086     11.408000207764      1.083521779699
    1      3.903184625270     -3.186633826173      4.364266493629
    1      4.209000581540     10.678092098596     -1.837430807537
    1     10.806402742536      3.579316795684      1.269796642633
    1     -2.699329076275      3.474913257344      7.270420207180
    1      0.217143090429      7.705376779953      4.387254536027
    1      0.206914182914     -0.192507074519     10.511060476274
    1      0.202538638043      7.678006651734      1.188355191872
    1      0.270268690005     -0.116147977549      1.251371987231
    1      9.645059871296      0.961062841154      1.865159706377
    1      5.870622650758     -1.081692271972      1.826324119708
    1      2.090284922425     -1.198967566537      6.813601351376
    1      5.904521454451      8.619739682449      0.603067537954
    1      6.838658414486     -2.014075236581      3.700856204089
    1      8.668144922835      1.869934050659      3.743672301062
    1      8.805648951255      5.725807770034     -1.290114199852
    1     -0.805062968430      1.718327773717      4.961307808387
    1      0.238575644722      3.595339611258     10.049136952883
    1     -1.238435192094      4.461796278496      8.282211423489
    1     -0.625761995370      4.161833944112      5.879988211828
    1      1.467032321525      3.019475356275      5.285189419633
    1      2.959268999519      2.146964687082      7.063120540409
    1      2.346540810442      2.433731644089      9.441690206318
    6      9.920988879256      1.222526404647     -0.785589446015
    6     -1.908183572639      6.374636273294      5.423310268950
    6      2.339648662097     -1.465458350629      9.458329431422
    6      5.686525259754      8.915263284707      3.243816026486
    6      6.639685433400     -2.331538212844      6.352909025097
    6      1.346510629679      9.904406751082      0.162467421661
    6      9.134853659740      5.513955565201     -3.924681450279
    6     -1.024439098411      2.023381957570      2.311157876482
    6      7.753926542512     -0.058000570498      2.043585694823
    6      0.188203828048     -0.195895609530      6.621091163051
    6      7.751050396684     -0.070609849632      3.523387736460
    6      0.194199336609     -0.178504986240      5.143588356422
    6      0.192245334315      7.728960438599      5.467728147274
    6      0.199402762767     -0.196937548242      9.430329983161
    6      0.183261372212      7.696772395915      0.107798875584
    6      0.246946213150     -0.133527306639      2.332110913805
    6      8.808755938095      0.521584319889      1.336208858686
    6      6.718265282031     -0.644863232929      1.316137360539
    6      1.242496182010     -0.770207893606      7.332520924909
    6      6.746483820897      8.176195560858      1.117452421057
    6      7.238444192511     -1.161128229198      4.229683443617
    6      8.280045452721      0.996100620799      4.251349555249
    6      8.384129367253      6.579551113192     -1.804723002666
    6     -0.370803027394      0.881802470307      4.431893753224
    6      8.821464240938      0.531953449503     -0.057258318327
    6     -0.854508433452      7.127426623242      6.158114294387
    6      1.238337379150     -0.793659589904      8.724682393434
    6      6.761689902513      8.200916516095      2.509263214285
    6      7.242977130431     -1.183087614619      5.623471920000
    6      0.709360424779      8.784290079861     -0.581855238037
    6      8.433107438487      6.607020254455     -3.196547778383
    6     -0.363807643235      0.900497682712      3.037686464978
    6      0.514414966747      3.466238767997      9.009782499115
    6     -0.324733268849      3.946903885563      8.008682886243
    6      0.016085798474      3.785386288228      6.667728238746
    6      1.202269991316      3.142138430829      6.328232781114
    6      2.039308051446      2.655906890941      7.327300272824
    6      1.695505118155      2.817926143098      8.665729244194
    0    0
